0 1
1 2
1 6
1 44
2 3
3 4
4 5
5 6
6 7
7 8
8 9
9 10
10 11
11 12
12 13
13 14
14 15
15 16
15 25
15 32
16 17
17 18
18 19
19 20
20 21
21 22
22 23
23 24
24 25
25 26
26 27
27 28
28 29
29 30
30 31
31 32
32 33
33 34
33 112
34 35
35 36
36 37
37 38
38 39
39 40
40 41
41 42
42 43
43 44
44 45
45 46
46 47
47 0
48 49
48 51
48 54
48 55
49 50
49 52
49 53
49 55
49 60
50 51
50 55
50 57
50 58
50 439
51 52
51 54
51 55
51 59
52 53
52 54
52 56
52 57
52 59
52 60
53 54
53 55
53 56
53 58
53 59
53 60
54 55
54 56
54 60
55 56
55 58
56 57
57 58
57 60
58 59
59 60
60 48
61 62
62 63
62 67
62 70
63 64
63 83
64 65
65 66
66 67
67 68
67 83
68 69
68 78
69 70
70 71
70 76
71 72
71 78
72 73
73 74
74 75
75 76
76 77
76 556
77 78
78 79
79 80
79 84
80 81
80 83
81 82
81 172
82 83
83 84
84 61
85 86
85 92
86 87
86 91
87 88
88 89
89 90
90 91
91 92
92 93
93 94
94 95
95 96
96 97
96 98
97 98
98 99
98 340
99 85
100 101
100 103
100 105
101 102
101 104
101 105
102 103
102 105
103 104
103 105
104 105
105 100
106 107
107 108
107 124
107 126
108 109
109 110
110 111
110 126
111 112
111 127
112 113
113 114
113 127
114 115
114 126
115 116
115 129
116 117
116 143
117 118
118 119
119 120
120 121
121 122
122 123
122 124
122 127
122 131
123 124
124 125
125 126
125 135
125 144
126 127
126 306
127 128
128 129
129 130
129 140
130 131
131 132
132 133
133 134
134 135
135 136
136 137
137 138
138 139
139 140
140 141
141 142
142 143
143 144
144 106
145 54
145 146
145 161
146 147
146 162
147 148
147 161
148 149
149 150
149 169
150 151
151 152
152 153
152 155
153 154
153 165
153 170
154 155
155 156
155 161
155 171
155 232
156 157
157 158
157 167
158 159
158 165
158 168
159 160
160 161
160 168
161 162
162 163
163 80
163 164
163 170
164 165
165 166
166 167
167 103
167 168
168 169
169 170
169 235
170 171
171 145
172 173
172 174
172 175
172 176
172 177
173 174
173 175
173 176
173 177
174 100
174 175
174 176
174 177
175 176
175 177
176 177
177 172
178 179
179 180
179 205
179 544
180 181
180 186
180 197
180 203
180 210
181 182
181 184
181 189
181 191
181 196
182 183
182 186
182 192
183 184
183 196
183 209
184 185
184 194
185 186
185 199
185 212
186 187
186 193
186 213
187 188
188 189
188 204
188 213
189 190
189 194
190 191
190 192
191 192
191 202
191 203
192 193
193 194
193 202
194 195
195 196
196 197
197 198
197 200
197 212
198 199
199 200
199 205
199 210
200 201
200 206
200 213
201 202
201 213
202 203
202 204
202 209
203 204
204 205
205 206
206 207
207 208
207 209
208 209
209 210
210 211
210 345
211 212
212 213
213 178
214 215
214 223
214 224
215 216
215 224
215 231
216 217
216 222
216 235
216 237
217 218
217 232
217 235
218 219
219 220
220 221
221 222
221 224
222 223
222 224
222 230
222 232
223 224
224 225
225 226
226 66
226 227
226 228
226 236
227 228
227 230
227 232
227 233
227 294
228 229
229 230
230 231
231 232
232 233
232 238
233 234
233 235
234 235
235 236
235 238
236 237
237 238
237 239
238 239
239 214
240 241
241 242
242 243
243 244
244 245
245 246
245 247
245 270
246 96
246 247
246 252
246 268
247 248
248 249
249 250
249 261
250 251
251 252
251 253
252 253
252 265
253 254
254 255
255 256
256 257
257 258
258 259
259 260
260 261
261 262
262 263
263 264
264 265
265 266
266 267
267 268
268 269
268 478
269 59
269 270
270 271
271 240
272 273
272 285
272 289
273 274
273 286
273 288
274 275
274 279
274 283
275 276
275 292
275 295
276 277
277 278
277 284
278 279
278 281
278 287
278 293
279 280
279 284
280 281
280 293
281 282
282 283
283 284
283 285
283 293
284 285
284 286
284 291
285 286
285 287
286 287
287 288
288 289
289 290
289 550
290 291
291 292
291 443
292 293
293 72
293 294
294 295
295 272
296 297
296 322
297 298
297 304
297 307
298 299
299 300
299 316
299 322
299 325
300 301
301 302
301 322
302 303
303 304
304 305
305 306
306 178
306 307
307 308
308 309
309 310
310 311
311 312
312 313
313 314
314 315
315 316
316 317
317 318
318 319
318 322
319 320
320 321
320 331
321 322
322 323
323 324
324 325
325 326
326 271
326 327
326 330
327 328
328 329
329 330
330 331
331 296
332 333
332 334
332 337
333 334
333 337
334 335
334 340
335 336
336 55
336 337
336 339
336 340
336 341
336 343
336 344
337 338
337 340
338 339
338 341
338 344
339 340
339 343
340 341
340 342
340 343
340 344
341 342
341 344
342 343
343 344
344 332
345 346
346 347
347 348
348 349
349 350
350 351
351 352
351 358
352 353
353 354
354 355
355 343
355 356
356 357
357 358
357 362
358 359
359 360
360 361
361 268
361 362
362 363
363 364
363 553
364 365
365 366
366 367
366 373
367 368
368 369
369 370
370 371
371 372
372 373
372 376
373 374
374 375
375 376
376 345
377 378
377 381
377 437
378 379
379 380
379 427
380 381
380 387
380 395
381 382
382 383
382 400
382 403
382 436
383 384
384 385
385 386
385 393
386 387
387 388
387 401
388 389
389 390
390 391
390 398
391 392
392 393
392 420
393 394
393 434
394 395
395 396
395 436
396 397
397 398
398 399
399 400
400 401
401 402
401 435
402 403
402 427
403 404
404 405
405 406
406 407
407 408
408 409
408 429
409 410
410 411
411 412
412 413
413 414
413 525
414 162
414 415
415 416
415 430
416 197
416 417
417 418
418 419
419 420
420 421
421 422
422 423
423 424
424 425
425 426
426 427
427 428
428 429
429 430
430 431
431 432
432 433
433 434
434 435
435 436
436 437
437 438
438 377
439 440
439 444
440 441
440 445
441 442
442 175
442 443
442 447
443 444
443 447
444 445
445 446
446 447
447 448
448 449
449 450
450 439
451 452
452 453
453 454
454 455
455 456
456 457
457 458
457 473
458 459
459 460
460 285
460 461
461 462
462 463
463 464
464 465
465 466
466 83
466 467
467 468
468 469
469 470
470 471
471 472
472 473
473 474
474 169
474 475
475 476
476 477
477 478
478 479
479 480
480 451
481 482
481 487
481 540
482 483
483 484
484 485
484 526
485 486
486 487
487 488
488 489
489 490
489 501
490 491
490 509
491 492
492 493
493 494
494 495
495 496
496 341
496 497
497 498
498 142
498 499
499 500
500 167
500 501
501 502
502 503
503 285
503 504
504 505
504 528
505 506
506 507
507 508
508 509
509 510
510 511
511 9
511 512
512 83
512 513
513 514
514 515
515 516
516 517
517 518
518 519
519 520
520 521
521 522
522 523
523 524
524 525
525 55
525 526
526 527
527 528
528 529
529 530
530 531
531 532
532 533
533 534
534 535
535 536
536 537
537 538
538 539
539 540
540 541
541 481
542 95
542 543
543 544
543 545
544 545
545 546
546 547
546 548
547 548
547 556
548 549
549 550
550 551
551 552
552 553
553 554
554 555
555 556
556 542
