3014 3015
1687 1688
5859 5860
3017 3020
3877 3878
2109 2091
3079 3080
3246 3257
1702 1703
5590 5591
41 42
2281 2282
4213 4214
904 905
2552 2553
4792 4793
3415 3416
106 107
5926 5927
4546 4508
2617 2618
5128 5129
3146 3147
442 443
5657 5658
2348 2349
2953 2954
971 972
4859 4860
1550 1551
3482 3483
5722 5723
173 174
5993 5994
2684 2685
87 107
1307 1308
3547 3548
5195 5196
6102 6129
1886 1887
6058 6059
509 510
4397 4398
1346 1384
1901 1902
2222 2223
240 241
1339 1381
4412 4413
2751 2752
1424 1425
5596 5597
3614 3615
162 6185
6125 6126
5932 5960
2816 2817
3368 3330
4555 4583
1439 1440
3247 3269
5327 5328
2018 2019
196 292
3950 3951
641 642
2289 2290
4529 4530
1613 1741
3152 3153
1170 1171
5058 5059
1491 1492
5663 5664
2354 2355
4865 4866
2883 2884
179 180
5394 5395
2085 2086
6257 6258
2690 2691
708 709
1955 2013
4596 4597
1287 1288
3219 3220
5459 5460
3798 3799
5730 5731
2421 2422
1044 1045
4932 4933
763 766
1623 1624
5042 5064
5795 5796
4594 4645
3035 2995
246 247
4134 4135
5164 5175
1055 1059
1638 1639
4086 4094
5526 5527
1959 1960
4149 4150
2488 2489
4728 4729
5333 5334
3351 3352
1690 1691
5862 5863
313 314
2553 2554
5064 5065
3687 3688
378 379
545 556
2026 2027
4266 4267
2889 2890
907 908
4795 4796
1228 1229
5400 5401
2091 2092
3151 1089
4602 4603
2620 2621
2084 2089
5131 5132
1822 1823
5994 5995
445 446
4333 4334
1024 1025
2956 2957
5196 5197
3535 3536
5467 5468
2158 2159
5189 5194
781 782
4669 4670
1360 1361
3380 3369
5532 5533
2110 2118
3871 3872
3742 3758
1889 1890
3329 3323
6061 6062
5263 5264
1696 1697
6035 6046
3886 3887
577 578
2225 2226
4465 4466
5070 5071
3088 3089
1427 1428
5599 5600
50 51
2290 2291
6178 6179
4801 4802
3424 3425
115 116
669 702
4003 4004
5330 5331
2626 2627
644 645
4532 4533
965 966
5137 5138
5307 5549
167 168
4339 4340
2357 2358
4868 4869
1559 1560
5731 5732
182 183
4070 4071
761 762
2693 2694
4933 4934
3272 3273
5204 5205
1895 1896
518 519
4406 4407
1097 1098
5269 5270
154 242
3608 3609
3751 3917
1626 1627
5798 5799
5262 5267
5000 5001
1433 1434
1962 1963
4202 4203
6134 6135
2825 2826
4473 4474
1164 1165
5336 5337
2027 2028
366 367
70 76
4538 4539
5067 5068
3740 3741
2363 2364
6251 6252
381 382
4269 4270
702 703
4874 4875
1565 1566
1751 1756
3471 3472
5623 5636
4076 4077
2094 2095
4605 4606
1296 1297
5468 5469
3807 3808
498 499
2430 2431
4670 4671
3009 3010
433 5739
5161 5174
1632 1633
3330 3361
255 256
4143 4144
834 835
5006 5007
3345 3346
1363 1364
5535 5536
4737 4738
3360 3361
1699 1700
3939 3940
5871 5872
2562 2563
4210 4211
901 902
4213 4216
3333 3349
1764 1765
103 104
4275 4276
2898 2899
4804 4805
96 101
1347 1369
2100 2101
3127 3136
5988 5989
118 119
4006 4007
439 440
4611 4612
977 1018
2629 2630
1302 1303
3208 3209
3813 3814
1831 1832
4342 4343
1033 1034
6098 6241
5205 5206
3544 3545
235 236
2167 2168
4407 4408
6055 6056
2746 2747
1369 1370
5257 5258
3880 3881
571 572
1605 1088
3082 3083
3208 3222
1100 1101
5272 5273
94 125
302 303
4474 4475
3097 3098
1436 1437
3676 3677
5608 5609
2299 2300
3947 3948
6187 6188
638 639
4810 4811
5090 5094
1501 1502
3149 3150
4012 4013
4541 4542
1837 1838
5725 5726
3743 3744
176 177
5625 4098
2366 2367
6254 6255
891 6309
2945 2946
648 660
3550 3551
1568 1569
5456 5457
191 192
4079 4080
770 771
2941 2948
3281 3282
1904 1905
4144 4145
5792 5793
4030 4080
2483 2484
1106 1107
4994 4995
3617 3618
308 309
2498 2499
2819 2820
5116 3416
837 838
5009 5010
3348 3349
39 40
4211 4212
1173 1174
3413 3414
5345 5346
2036 2037
5924 5925
375 376
4547 4548
1238 1239
2886 2887
3749 3750
3336 3352
6260 6261
71 86
4278 4279
1574 1575
5462 5463
3480 3481
2103 2104
5991 5992
2682 2683
3287 3288
1305 1306
5193 5194
3816 3817
6056 6057
507 508
3018 3019
1641 1642
3881 3882
5529 5530
2220 2221
843 844
4731 4732
1889 1892
3354 3355
45 46
2235 2236
6123 6124
2556 2557
574 575
4746 4747
3085 3086
3456 3487
3948 3949
910 911
3150 3151
5082 5083
1773 1774
5661 5662
112 113
4284 4285
975 976
2623 2624
6190 6191
3486 3487
5392 5393
1825 1826
5997 5998
4015 4016
3217 3218
1840 1841
5728 5729
2419 2420
4351 4352
3024 3025
1042 1043
4930 4931
3553 3554
4031 4081
244 245
6064 6065
2755 2756
1378 1379
3205 3221
5266 5267
3284 3285
4516 4540
1957 1958
6129 6130
580 581
4468 4469
1972 1973
5860 5861
2293 2294
311 312
4483 4484
2822 2823
4424 871
3685 3686
2024 2025
6196 6197
647 648
26 35
2887 2888
4819 4820
3244 3162
5398 5399
4021 4022
712 713
2360 2361
5927 5928
3223 3224
1241 1242
5129 5130
1562 1563
5734 5735
3752 3753
3633 4556
6263 6264
2954 2955
5166 5170
1577 1578
5465 5466
2156 2157
4088 4089
2761 2762
779 780
4667 4668
3290 3291
1913 1914
5801 5802
2492 2493
4682 4683
1115 1116
5003 5004
3021 3022
5866 5867
317 318
4205 4206
846 847
1709 1710
5597 5598
2030 2031
48 49
4220 4221
4027 4055
2559 2560
4799 4800
3422 3423
2133 2159
1761 1762
5933 5934
384 385
2624 2625
5091 5130
4556 4557
5003 5017
87 98
5135 5136
106 111
534 558
4371 5972
3758 3759
3178 3184
449 450
2097 2098
5664 5665
2960 2961
978 979
4866 4867
1299 1300
5471 5472
3489 3490
6000 6001
2691 2692
1314 1315
5202 5203
1893 1894
3825 3826
3204 3213
6065 6066
516 517
4404 4405
1007 1020
3027 3028
3307 3311
1650 1651
5538 5539
2229 2230
4419 4420
852 853
4740 4741
2758 2759
5603 5604
54 55
3942 3943
1960 1961
2405 2577
6132 6133
583 584
1888 1829
5334 5335
1767 1768
3957 3958
648 649
2296 2297
4536 4537
3159 3160
4807 4808
1498 1499
4041 3548
5670 5671
80 84
121 122
2361 2362
700 701
4872 4873
3495 3496
5401 5402
5225 5176
2697 2698
696 703
715 716
4603 4604
1036 1037
5208 5209
3226 3227
5737 5738
2428 2429
1051 1052
1892 1897
4939 4940
1630 1631
3562 3563
5802 5803
253 254
4141 4142
2764 2765
1387 1388
1966 1967
4156 4157
589 590
4477 4478
2495 2496
5340 5341
2926 2948
3679 3680
1697 1698
5869 5870
3121 3123
320 321
5071 5072
1504 1505
4491 4497
3694 3695
385 386
2033 2034
4273 4274
6205 6206
5045 5056
2896 2897
4544 4545
614 889
1235 1236
5407 5408
3327 3120
2098 2099
437 438
3556 3586
4609 4610
1319 1351
3232 3233
5138 5139
2434 2435
452 453
4340 4341
773 774
4945 4946
2963 2964
3334 3365
3542 3543
4034 4042
5474 5475
2165 2166
788 789
4676 4677
1367 1368
3299 3300
5539 5540
3878 3879
2501 2502
1080 1082
1124 1125
222 233
1703 1704
3893 3894
326 327
4214 4215
2232 2233
4743 4744
1434 1435
5606 5607
57 58
636 637
3349 3363
2568 2569
4808 4809
3431 3432
1770 1771
5942 5943
2633 2634
4281 4282
972 973
4031 4070
5144 5145
3162 3163
1835 1836
3483 3484
861 876
174 175
5074 5086
4346 4347
4875 4876
2171 2172
189 190
4077 4078
510 511
1109 1099
4509 4526
2700 2701
979 989
3279 3280
5211 5212
1902 1903
525 526
4413 4414
1104 1105
3036 3037
5276 5277
3615 3616
2238 2239
6126 6127
1440 1441
3630 3631
63 64
4058 4078
3951 3952
1969 1970
6141 6142
4480 4481
1171 1172
3263 3285
5343 5344
373 374
2305 2306
4545 4546
4712 4723
1507 1508
5679 5680
130 131
2370 2371
4018 4019
6258 6259
3505 5154
709 710
4881 4882
3432 5844
2899 2900
3220 3221
4083 4084
5173 5175
724 725
4612 4613
1908 1909
3814 3815
247 248
2437 2438
3016 3017
4948 4949
1639 1640
5527 5528
262 263
1103 1108
4150 4151
841 842
2773 2774
3352 3353
1975 1976
5863 5864
1177 1178
3367 3368
3688 3689
1706 1707
5878 5879
2569 2570
4217 4218
908 909
5080 5081
3419 3420
110 111
2042 2043
4282 4283
1244 1245
5416 5417
2107 2108
5995 5996
6109 685
446 447
4618 4619
2636 2637
2957 2958
3820 3821
461 462
4349 4350
3551 3552
2174 2175
2753 2754
4685 4686
1376 1377
5264 5265
3887 3888
3307 3313
578 579
2510 2511
3089 3090
1088 1095
1712 1713
5600 5601
3618 3619
914 915
3425 3426
1443 1444
4562 4592
5615 5616
2306 2307
3954 3955
6194 6195
645 646
4817 4818
68 76
3156 3157
6215 6254
1779 1780
4019 4020
981 982
5153 5154
3258 3289
183 184
4355 4356
2373 2374
6261 6262
2694 2695
4884 4885
3557 3558
5463 5464
1896 1897
6068 6069
198 199
3226 3229
4086 4087
3288 3289
1911 1912
5799 5800
2490 2491
4422 4423
5790 89
1113 1114
5001 5002
3624 3625
1642 1643
315 316
2247 2248
6135 6136
2826 2827
2480 4176
3617 3622
1449 1450
5337 5338
3355 3356
651 652
1180 1181
5352 5353
2043 2044
3691 3692
5931 5932
382 383
4554 4555
6202 6203
3394 3405
2033 2036
2893 2894
1516 1517
3756 3757
2095 2096
2618 4123
6267 6268
718 719
4890 4891
5170 5174
4092 4093
3380 3133
2110 2111
5790 5821
5998 5999
2431 2432
4621 4622
1312 1313
5200 5201
5805 5806
3823 3824
2446 2447
6310 5978
785 786
3025 3026
1648 1649
5536 5537
4159 4160
2958 2972
850 851
4738 4739
3361 3362
1379 1380
52 53
5974 5884
1984 1985
5872 5873
2563 2564
116 2963
4753 4754
1186 1187
4214 4217
5074 5075
3092 3093
5585 5550
388 389
2294 2295
444 469
917 918
5089 5090
3428 3429
5668 5669
119 120
4291 4292
2630 2631
1253 1254
3493 3494
1832 1833
6004 6005
455 456
861 878
5096 5106
3829 3830
4383 4416
1847 1848
5735 5736
2168 2169
186 187
4358 4359
1049 1050
4937 4938
5542 5543
3560 3561
3537 1857
2183 2184
3024 3029
5832 5790
6071 6072
522 523
2762 2763
4054 4069
4114 4120
1385 1386
5273 5274
3896 3897
6136 6137
587 588
3314 4444
4475 4476
3098 3099
1116 1117
1957 1962
1721 1722
5609 5610
2300 2301
4490 4491
923 924
4918 4938
4811 4812
2829 2830
125 126
2031 2032
6203 6204
654 655
4826 4827
2506 2527
3165 3166
5405 5406
4028 4029
719 720
2367 2368
990 991
3230 3231
4878 4879
1569 1570
5741 5742
192 193
6270 6271
3522 3524
3566 3567
1584 1585
5472 5473
4095 4096
786 787
4674 4675
5279 5280
4498 4486
3297 3298
5036 5064
1920 1921
5808 5809
259 260
2499 2500
1122 1123
5010 5011
3633 3634
5873 5874
324 325
2835 2836
853 854
1458 1459
2037 2038
55 56
4227 4228
660 661
4548 4549
753 623
5620 5586
2566 2567
5077 5078
1768 1769
5940 5941
391 392
970 971
2902 2903
882 858
5142 5143
3765 3766
2104 2105
6276 6277
727 728
2967 2968
4615 4616
1306 1307
5478 5479
3496 3497
6007 6008
4325 4224
1321 1322
5209 5210
3832 3833
523 524
4411 4412
5016 5017
3034 3035
1657 1658
5545 5546
2236 2237
859 860
4747 4748
3370 3371
61 62
2572 2573
590 591
3101 3102
1774 1775
72 76
3964 3965
397 398
4285 4286
2303 2304
3383 3431
4814 4815
1505 1506
5677 5678
128 129
3610 3329
707 708
2639 2640
4879 4880
3502 3503
1841 1842
4637 2085
6013 6014
464 465
2704 2705
4352 4353
1043 1044
5215 5216
3233 3234
3554 3555
5744 5745
1058 1059
4946 4947
3569 3570
260 261
4148 4149
6080 6081
672 471
2771 2772
1394 1395
5282 5283
1973 1974
3905 3906
596 597
4484 4485
3107 3108
3172 3237
5013 5014
635 710
2309 2310
6197 6198
327 328
2838 2839
3701 3702
3549 3574
2040 2041
4560 4601
6212 6213
663 664
3350 3364
1242 1243
5975 5977
5414 5415
3753 3754
2077 4030
2376 2377
4616 4617
3406 3417
1578 1579
5750 5751
201 202
2441 2442
780 781
4952 4953
2970 2971
3291 3292
628 683
5481 5482
795 796
4683 4684
3306 3307
3025 3028
1645 1646
3885 3886
5817 5818
2508 2509
5019 5020
1710 1711
3642 3643
333 334
4221 4222
2844 2845
5251 5262
4750 4751
2046 2047
3013 3031
5934 5935
4513 4515
64 65
2216 2229
2575 2576
3759 3760
1777 1778
5949 5950
6102 6192
400 401
2640 2641
4288 4289
5800 5827
979 980
5151 5152
3490 3491
2113 2114
4353 4354
2166 1186
6285 6286
1601 1673
1315 1316
5487 5488
2178 2179
517 518
4689 4690
2707 2708
107 125
4515 4537
833 754
3028 3029
5218 5219
1890 1897
5797 5798
532 533
4420 4421
3024 3031
3043 3044
4230 4297
1382 1383
3622 3623
5554 5555
2245 2246
6133 6134
2174 5978
4756 4757
1447 1448
3379 3380
70 71
3958 3959
1976 1977
6148 6149
2581 2582
4487 4488
1783 1784
5671 5672
3689 3690
2312 2313
1224 1268
4823 4824
3123 4218
1514 1515
5686 5687
137 138
2377 2378
4025 4026
716 717
4888 4889
3227 3228
5417 5418
1850 1851
4090 4091
2429 2430
3330 3356
5224 5225
254 255
4426 4427
2444 2445
2765 2766
4955 4956
5534 5535
269 270
4157 4158
315 386
2780 2781
3000 3013
1119 1120
3359 3360
5291 5292
1982 1983
5870 5871
321 322
4493 4494
885 889
1184 1185
5091 5123
3695 3696
1713 1714
5885 5886
2318 2319
6206 6207
4224 4225
1520 1521
3426 3427
2049 2050
4560 4561
1251 1252
5423 5424
3762 3763
453 454
4625 4626
6273 6274
2964 2965
4550 4223
5154 5155
1587 1588
6174 6231
789 790
4961 4962
2979 2980
1318 1319
4163 4164
2181 2182
6069 6070
2502 2503
4692 4693
1383 1384
5271 5272
3894 3895
1077 1085
2517 2518
856 857
3096 3097
5028 5029
3187 3215
1719 1720
5607 5608
4038 4061
58 59
4230 4231
921 922
6148 6191
5647 5680
3432 3433
1450 1451
5622 5623
2055 2056
5943 5944
3961 3962
4824 4825
1257 1258
3163 3164
1786 1787
5185 5218
2365 2366
4297 4298
3464 3506
988 989
193 260
3499 3500
190 191
2122 2123
4362 4363
2701 2702
4891 4892
1324 1325
5171 5175
5212 5213
6075 6076
526 527
2716 2717
1055 1056
3900 3901
1918 1919
5806 5807
2239 2240
2924 6278
257 258
4429 4430
1120 1121
5008 5009
3631 3632
2254 2255
860 3153
6142 6143
593 594
2833 2834
4765 4766
1456 1457
5344 5345
3967 3968
658 659
3169 3170
1187 1188
5359 5360
1792 1793
71 81
3698 3699
4539 4544
4561 4562
994 995
6209 6210
2900 2901
1523 1524
454 492
5975 5979
2102 2103
4034 4035
426 430
6274 6275
725 726
5845 5869
3236 3237
4099 4100
2438 2439
456 457
4628 4629
1061 1062
4949 4950
5812 5813
263 264
2453 2454
792 793
3637 3638
1655 1656
5543 5544
4166 4167
4745 4746
1991 1992
5879 5880
330 331
2570 2571
5837 5883
4502 4503
1193 1194
5081 5082
3704 3705
395 396
2906 2907
924 925
5096 5097
1529 1530
3435 3436
126 127
4298 4299
731 732
5946 5947
2637 2638
4555 4635
1260 1261
5148 5149
1839 1840
3771 3772
6011 6012
462 463
2973 2974
3836 3837
2175 2176
193 194
4365 4366
798 799
4686 4687
4835 5978
3567 3568
0 1
3888 3889
2190 2191
6078 6079
1090 1092
529 530
4701 4702
1392 1393
3040 3041
5280 5281
3903 3904
3323 3329
594 595
3105 3106
5553 5561
1728 1729
5616 5617
3634 3635
67 68
2307 2308
4239 4240
930 931
4818 4819
3441 3442
132 133
5347 5348
2643 2644
661 662
1452 1686
3172 3173
4035 4036
468 469
5683 5684
74 84
2374 2375
2360 2477
5553 5574
997 998
4885 4886
1576 1577
3508 3509
5748 5749
199 200
2710 2711
5161 5171
1912 1913
6084 6085
535 536
4423 4424
3304 3305
5815 5816
266 267
4438 4439
3844 3929
1129 1130
2610 2601
2777 2778
5017 5018
3640 3641
331 332
1979 1980
6151 6152
1514 4095
602 603
2842 2843
5353 5354
3371 3372
3976 3977
667 668
4555 4556
3178 3179
1196 1197
5084 5085
3127 3133
2380 2381
398 399
4998 5018
2909 2910
3772 3773
205 206
551 614
5420 5421
2111 2112
6283 6284
734 735
2974 2975
4622 4623
3333 3359
1313 1314
3245 3246
5485 5486
4064 4066
3824 3825
2447 2448
1649 1650
5821 5822
3839 3840
272 273
189 238
101 125
3041 3042
1664 1665
5552 5553
3 4
3136 1101
4175 4176
866 867
2514 2515
4754 4755
3377 3378
68 69
1716 1717
5888 5889
2579 2580
5046 5048
5090 5091
154 294
3108 3109
3713 3714
404 405
4292 4293
2915 2916
933 934
4821 4822
4052 4082
2117 2118
135 136
4023 4024
2646 2647
5157 5158
1848 1849
6020 6021
471 472
2711 2712
4359 4360
1050 1051
2982 2983
5222 5223
826 4083
3561 3562
2184 2185
3830 3723
5558 5559
4978 4984
3576 3577
9 10
1915 1916
6087 6088
2778 2779
3137 3126
5289 5290
3912 3913
3332 3338
603 604
2251 2252
4491 4492
3114 3115
1453 1454
5625 5626
2316 2317
655 656
4827 4828
2845 2846
78 86
3450 3451
5356 5357
4029 4030
2047 2048
6219 6220
2652 2653
670 671
4558 4559
1854 1855
20 37
3760 3761
2383 2384
4894 4895
1585 1586
5757 5758
208 209
2448 2449
4096 4097
787 788
2719 2720
4959 4960
3298 3299
5488 5489
1921 1922
3528 3532
1123 1124
5295 5296
3313 3314
1652 1653
5824 5825
2515 2516
5026 5027
3025 3032
3649 3650
340 341
1988 1989
4228 4229
2826 1102
6160 6161
2851 2852
1190 1191
4502 4505
5362 5363
2053 2054
392 393
4564 4565
2582 2583
5093 5094
3766 3767
1784 1785
5956 5957
2389 2390
6277 6278
407 408
4295 4296
2918 2919
1591 1592
3497 3498
2120 2121
2551 2573
550 578
4631 4632
1322 1323
5494 5495
6013 6060
3833 3834
1851 1852
524 525
2456 2457
4696 4697
1658 1659
1078 1084
5546 5547
860 861
3050 3051
3330 3334
1389 1390
5561 5562
900 933
2252 2253
4511 4543
6140 6141
591 592
4763 4764
1454 1455
3386 3387
1725 1726
3965 3966
5897 5898
2588 2589
927 928
5099 5100
1078 1097
1790 1791
4301 4302
2319 2320
4830 4831
2428 2492
3481 3516
1521 1522
5693 5694
2126 2127
6014 6015
144 145
4032 4033
2655 2656
4895 4896
1328 1329
3234 3235
6306 6308
1857 1858
4368 4369
1059 1060
5231 5232
3570 3571
327 387
1588 1589
4241 4264
2193 2194
4433 4434
2772 2773
790 791
4962 4963
1395 1396
5283 5284
2144 2157
597 598
2787 2788
1071 5621
990 4501
1126 1127
5298 5299
1989 1990
5877 5878
328 329
4500 4501
3340 3351
1191 1192
4219 4222
5810 5824
1462 1463
3702 3703
5634 5635
589 4278
2325 2326
6213 6214
4231 4232
664 665
4836 4837
4504 2112
1527 1528
4038 4039
2056 2057
6104 6163
4567 4568
1258 1259
5430 5431
1863 1864
2209 2272
5751 5752
3769 3770
2392 2393
4632 4633
6280 6281
2971 2972
1594 1595
5482 5483
217 218
4105 4106
796 797
3307 3308
1325 1326
4170 4171
2509 2510
1088 1090
527 528
4699 4700
1132 1133
2190 2235
334 335
2524 2525
863 864
5035 5036
1726 1727
3374 3375
5614 5615
65 66
4237 4238
928 929
1199 1200
3439 3440
5371 5372
2062 2063
5950 5951
3968 3969
401 402
4573 4574
1264 1265
870 880
3775 3776
1793 1794
5681 5682
5233 5263
4304 4305
995 996
3045 3112
3506 3507
197 198
2129 2130
4369 4370
6017 6018
2708 2709
1892 1894
1331 1332
5219 5220
3842 3843
6082 6083
533 534
5092 5115
6100 6137
1549 1676
3044 3045
1062 1063
5234 5235
3907 3908
3573 3574
2246 2247
264 265
4436 4437
869 870
3276 3287
4757 4758
3638 3639
71 72
2261 2262
6149 6150
600 601
4772 4773
1463 1464
3111 3112
4491 4494
5351 5352
3974 3975
4982 4997
665 666
936 937
3176 3177
1799 1800
5687 5688
3705 3706
138 139
5838 5857
4310 4311
1001 1002
6216 6217
2446 2550
3512 3513
1530 1531
5418 5419
5132 3601
4041 4042
732 733
3243 3244
1866 1867
4106 4107
5754 5755
2445 2446
4377 4378
1068 1069
4956 4957
3579 3580
270 271
1001 1015
2781 2782
799 800
4971 4972
4513 3340
5480 2863
3310 3311
1983 1984
1 2
6155 6156
4173 4174
606 607
4494 4495
4222 131
1135 1136
3375 3376
1998 1999
5886 5887
337 338
4509 4510
1200 1201
2848 2849
5088 5089
418 448
3711 3712
2050 2051
6222 6223
2913 2914
5424 5425
3442 3443
4047 4048
738 739
5953 5954
3249 3250
1267 1268
5155 5156
3778 3779
469 470
4357 4358
6289 6290
2980 2981
1603 1604
5491 5492
2182 2183
4114 4115
805 806
4693 4694
3316 3317
7 8
2518 2519
536 537
4708 4709
3047 3048
4452 4460
5892 5893
3910 3911
343 344
2249 2250
4580 4645
872 873
3112 3113
5623 5624
74 75
5834 5844
4246 4247
937 938
2585 2586
4825 4826
3448 3449
1787 1788
5959 5960
2650 2651
5161 5162
3179 3180
3784 3785
475 476
5690 5691
2381 2382
2986 2987
1004 1005
4892 4893
3455 3465
3515 3516
206 207
4094 4095
6026 6027
6306 6310
2717 2718
1340 1341
5228 5229
6114 892
1919 1920
6091 6092
542 543
4430 4431
3053 3054
4943 4952
2255 2256
273 274
4445 4446
2784 2785
6164 6203
5629 5630
3647 3648
1986 1987
6158 6159
609 610
2849 2850
5360 5361
3983 3984
674 675
2322 2323
4562 4563
5889 5890
3185 3186
1524 1525
5696 5697
2387 2388
726 727
5258 3256
4898 4899
2916 2917
3521 3522
3199 3242
5427 5428
1810 4218
3410 3425
6290 6291
2723 2724
741 742
4629 4630
3252 3253
3831 3832
5763 5764
2454 2455
1077 1078
4965 4966
1656 1657
5828 5829
279 280
4167 4168
2185 2186
2790 2791
5559 5560
1992 1993
10 11
4182 4183
2521 2522
5366 5367
3384 3385
5032 5033
1723 1724
5895 5896
346 347
2586 2587
4026 4057
626 630
925 926
211 2108
5097 5098
68 73
3720 3721
5626 5627
2059 2060
4299 4300
6231 6232
2922 2923
1261 1262
5433 5434
3451 3452
2124 2125
463 464
4635 4636
2653 2654
5164 5165
1855 1856
6027 6028
2460 2461
478 479
4366 4367
2989 2990
3568 3569
5500 5501
3433 3381
2191 2192
814 815
4702 4703
1393 1394
5565 5566
16 17
3904 3905
1922 1923
6094 6095
2527 2528
916 947
5296 5297
1729 1730
3919 3920
1033 5144
2258 2259
134 130
3121 3122
4769 4770
1460 1461
5632 5633
864 878
83 84
2323 2324
4551 4547
4535 4539
662 663
4834 4835
3457 3458
5363 5364
1796 1797
5643 5647
5968 5969
2659 2660
998 999
5170 5171
3188 3189
1861 1862
200 201
4372 4373
2390 2391
4901 4902
1592 1593
5764 5765
2197 2198
215 216
4103 4104
2726 2727
4966 4967
3305 3306
5237 5238
1928 1929
5816 5817
551 552
4439 4440
1130 1131
3641 3642
1659 1660
5831 5832
2264 2265
861 862
1466 1467
3656 3657
6104 6112
1995 1996
6167 6168
2858 2859
4506 4507
1197 1198
5369 5370
2060 2061
3708 3709
399 400
2952 2908
4571 4572
4332 1846
5100 5101
1533 1534
5705 5706
2396 2397
6284 6285
4302 4303
735 736
4907 4908
2925 2926
4109 4110
2127 2128
750 751
4638 4639
1329 1330
5883 5833
3840 3841
2463 2464
4703 4704
3042 3043
4974 4975
1665 1666
5553 5554
288 289
4176 4177
867 868
3378 3379
1396 1397
5568 5569
4452 4462
598 599
4770 4771
1203 1204
4102 4083
4533 4535
1732 1733
5904 5905
2595 2596
4243 4244
934 935
5106 5107
1797 1798
3445 3446
136 137
5036 5048
4308 4309
4837 4838
1270 1271
5442 5443
5977 5979
2133 2134
6021 6022
151 152
4039 4040
472 473
4644 4645
5091 5105
2662 2663
3461 3511
4514 4535
1293 1110
3846 3847
1864 1865
5752 5753
487 488
4375 4376
1066 1067
3577 3578
2200 2201
4440 4441
6088 6089
2779 2780
4711 4712
1103 1107
1402 1403
5290 5291
25 26
3913 3914
604 605
5242 5250
3115 3116
1133 1134
5305 5306
3644 3645
5629 5632
335 336
940 941
1469 1470
3709 3710
5641 5642
3533 3521
2332 2333
3980 3981
6220 6221
5079 5084
671 672
91 97
4843 4844
5810 5828
1534 1535
3182 3183
1451 1537
4045 4046
2384 2385
4583 4624
4574 4575
1007 1008
3776 3777
209 210
4381 4382
2399 2400
6287 6288
4964 7
4910 4911
3583 3584
1601 1602
5489 5490
207 4486
224 225
4112 4113
803 804
5142 5153
3314 3315
1893 1895
6065 6067
1937 1938
4177 4178
777 788
5825 5826
3843 3844
276 277
2516 2517
4448 4449
1139 1140
5027 5028
3650 3651
1668 1669
341 342
5200 4461
2852 2853
870 871
5042 5043
3381 3382
3164 3613
72 73
4244 4245
677 678
1206 1207
3446 3447
5378 5379
3717 3718
5957 5958
408 409
4580 4581
1271 1272
2919 2920
3782 3783
2121 2122
6293 6294
4311 4312
4055 4063
3513 3514
4118 4119
300 2919
2136 2137
6024 6025
4647 4648
5034 5057
1338 1339
5226 5227
3849 3850
1101 1103
540 541
2472 2473
3051 3052
1674 1675
5562 5563
3580 3581
13 14
4185 4186
876 877
4764 4765
3387 3388
1405 1406
78 79
4997 5003
3183 3063
2589 2590
607 608
4779 4780
74 3528
3981 3982
414 415
5008 5017
2320 2321
943 944
3183 3184
5115 5116
3454 3455
5694 5695
145 146
4317 4318
1008 1009
2656 2657
6223 6224
658 667
3519 3520
1858 1859
6030 6031
4048 4049
2932 2942
3250 3251
3855 3856
1873 1874
5761 5762
212 213
2452 2453
4384 4385
1075 1076
4963 4964
3586 3587
277 278
2209 2210
6097 6098
2788 2789
1411 1412
5299 5300
3317 3318
6162 6163
613 614
4501 4502
2519 2520
4504 4507
3124 3125
1142 1143
4214 4216
2326 2327
344 345
4516 4517
2855 2856
1451 1605
3718 3719
2057 2058
3349 3364
6229 6230
680 681
2920 2921
3191 3192
5431 5432
4054 4055
5960 5961
2393 2394
1324 1362
3256 3257
1595 1596
5767 5768
3785 3786
5173 5029
6296 6297
2987 2988
5139 5152
3592 3593
1610 1611
5498 5499
1890 1894
2189 2190
4121 4122
812 813
4700 4701
3279 3281
3323 3324
14 15
1946 1947
5834 5835
2525 2526
1148 1149
5036 5037
3054 3055
5899 5900
6066 6077
350 351
4238 4239
2256 2257
2861 2862
879 880
5630 5631
2063 2064
81 82
4253 4254
2592 2593
23 2063
3455 3456
5103 5104
1794 1795
5966 5967
417 418
2657 2658
996 997
2928 2929
5168 5169
3791 3792
5697 5698
2130 2131
6302 6303
2993 2994
1332 1333
5504 5505
3522 3523
4514 4537
6262 6086
6033 6034
2724 2725
5796 5798
1347 1348
5235 5236
1926 1927
3858 3859
6098 6099
549 550
788 832
3016 3018
4437 4438
3060 3061
1683 1684
5571 5572
421 486
2262 2263
885 886
4773 4774
2791 2792
4215 4217
87 88
5302 5303
1993 1994
6165 6166
2598 2599
616 617
1195 1196
3127 3128
5367 5368
1800 1801
2118 2110
3990 3991
2329 2330
3192 3193
4840 4841
1531 1532
5703 5704
154 155
2394 2395
733 734
4905 4906
1546 1547
5434 5435
1867 1868
2213 2276
6039 6040
2730 2731
1069 1070
5241 5242
3259 3260
5770 5771
4030 4046
2461 2462
1752 1773
1084 1085
4972 4973
1663 1664
4471 3001
3595 3596
5835 5836
286 287
1934 1935
4174 4175
6106 6107
5185 5202
2797 2798
5308 5309
1079 1091
1999 2000
4510 4511
2528 2529
1321 5993
5039 5040
1730 1731
5902 5903
2335 2336
353 354
932 933
2864 2865
5104 5105
3727 3728
2066 2067
6238 6239
4025 4065
689 690
2929 2930
4577 4578
1268 1269
5440 5441
3779 3780
2375 2529
4642 4643
1283 1284
5171 5172
1604 1605
5776 5777
2467 2468
4373 4374
806 807
4978 4979
4524 4543
2996 2997
5507 5508
2198 2199
6086 6087
821 822
4709 4710
1400 1401
3332 3333
23 24
1671 1672
3911 3912
2534 2535
5045 5046
1736 1737
359 360
4247 4248
78 81
2265 2266
4776 4777
1467 1468
5639 5640
90 91
3978 3979
669 670
2601 2602
4841 4842
5632 5637
1803 1804
5115 5118
5975 5976
4982 5003
426 427
2666 2667
4314 4315
1005 1006
5177 5178
3516 3517
5706 5707
4379 4380
5986 5990
4908 4909
1341 1342
5513 5514
222 223
4110 4111
543 544
4715 4716
3294 3296
2733 2734
5244 5245
1935 1936
5823 5824
558 559
4446 4447
1137 1138
3069 3070
3648 3649
5819 5826
2271 2272
6159 6160
4782 4783
3361 3363
1473 1474
2445 2573
5812 5823
3984 3985
2002 2003
6174 6175
4513 4514
1204 1205
5376 5377
3715 3716
406 407
2338 2339
4578 4579
4849 4850
2101 2103
1540 1541
5712 5713
163 164
2403 2404
4051 4052
742 743
4054 4057
4914 4915
3253 3254
5443 5444
4116 4117
2455 2456
757 758
4645 4646
1078 1079
5227 5267
3847 3848
280 281
4452 4453
2470 2471
4981 4982
1672 1673
5560 5561
3024 3030
295 296
3323 3326
4183 4184
874 875
2806 2807
552 595
1085 1095
3385 3386
2008 2009
5896 5897
3914 3915
347 348
4519 4520
1210 1211
3721 3722
1739 1740
5911 5912
4250 4251
4907 845
941 942
5113 5114
3452 3453
143 144
2075 2076
4315 4316
2654 2655
1277 1278
5449 5450
3788 3789
479 480
4651 4652
5038 5061
2990 2991
5180 5181
1852 1859
494 495
4382 4383
3181 3232
3005 3006
1344 1345
3584 3585
17 18
4189 4190
2207 2208
6095 6096
4507 4499
546 547
4718 4719
1409 1410
5297 5298
3920 3921
611 612
2543 2544
3122 3123
5873 5875
1745 1746
2519 2564
5633 5634
3651 3652
84 85
4256 4257
947 948
3458 3459
1476 1477
5648 5649
4548 4550
3347 3362
3987 3988
336 3948
678 679
4850 4851
3189 3190
1812 1813
2612 2620
4052 4053
2391 2392
1014 1015
5186 5187
3525 3526
216 217
4388 4389
6294 6295
2727 2728
745 746
4917 4918
6101 6102
4119 4120
2742 2743
1081 1082
3321 3322
3926 3927
1944 1945
5252 5258
283 284
4455 4456
1146 1147
5034 5035
3657 3658
2280 2281
1079 1093
6168 6169
2859 2860
1482 1483
5370 5371
3388 3389
684 685
2590 2591
3195 3196
1213 1214
72 77
5385 5386
3724 3725
415 416
3147 3155
4587 4588
6235 6236
2926 2927
1549 1550
3789 3790
5437 5438
2128 2129
6300 6301
751 752
3262 3263
4062 4070
4125 4126
2143 2144
6031 6032
2464 2465
482 483
4654 4655
2425 2473
5838 5839
3856 3857
2479 2480
3446 3464
818 819
3058 3059
1681 1682
5569 5570
20 21
4192 4193
883 884
4771 4772
3394 3395
5845 5855
5905 5906
3923 3924
2596 2597
1219 1220
3194 3226
5107 5108
4549 4551
421 422
5636 5637
2327 2328
2932 2933
950 951
3461 3462
5701 5702
152 153
4324 4325
5972 5973
3331 3352
2663 2664
5975 5978
1286 1287
3526 3527
5174 5175
1865 1866
6037 6038
5643 5653
488 489
2999 3000
3862 3863
1880 1881
5768 5769
2201 2202
219 220
4391 4392
2975 4484
3443 2603
2216 2217
6104 6105
555 556
2795 2796
4727 4728
1891 3329
1418 1419
5306 5307
3929 3930
3349 3355
620 621
3131 3132
3623 3594
3301 3314
1754 1755
5321 5322
5642 5643
4221 4223
5021 5030
3660 3661
2333 2334
956 957
4844 4845
2862 2863
158 159
5373 5374
2064 2065
6236 6237
2669 2670
687 688
3198 3199
5438 5439
4061 4062
5709 5710
2400 2401
1023 1024
3263 3264
4911 4912
1602 1603
5774 5775
6120 6183
225 226
4031 4075
4113 4114
6303 6304
86 67
1617 1618
5505 5506
1938 1939
1317 1326
6110 6111
4128 4129
3330 3331
1953 1954
5841 5842
292 293
2532 2533
4464 4465
4498 3524
1303 1320
1155 1156
5043 5044
3666 3667
357 358
2005 2006
5572 5573
6177 6178
2868 2869
886 887
5379 5380
3397 3398
6216 6254
693 694
853 6079
4581 4582
2599 2600
1222 1223
5110 5111
81 86
1801 1802
5973 5974
2406 2407
424 425
4312 4313
6184 6194
2935 2936
5046 4537
5446 5447
2137 2138
6309 6310
760 761
3000 3001
1859 1864
1339 1340
5511 5512
3850 3851
6040 6041
1354 1355
5242 5243
1675 1676
5847 5848
3865 3866
2204 2205
3004 3012
3067 3068
5578 5579
29 30
2269 2270
3322 3294
4201 4202
4780 4781
3403 3404
94 95
1742 1743
3122 3125
5309 5310
3333 3345
2605 2606
5633 5636
623 624
5116 5117
3134 3135
430 431
4318 4319
2336 2337
959 960
4847 4848
1538 1539
4998 5017
5710 5711
161 162
4049 4050
2994 2953
2672 2673
4912 4913
5183 5184
1874 1875
6046 6047
497 498
2737 2738
4385 4386
1076 1077
5248 5249
6294 6297
3587 3588
5777 5778
406 464
1091 1092
4979 4980
1412 1413
4485 4445
5584 5585
3602 3603
6069 6071
293 294
1941 1942
4181 4182
6113 6114
2804 2805
462 517
5315 5316
2006 2007
3938 3939
629 630
4517 4518
3140 3141
5046 5047
3010 3031
2342 2343
360 361
4248 4249
681 682
4853 4854
2871 2872
123 125
5382 5383
4055 4056
2073 2074
6245 6246
696 697
4584 4585
1275 1276
5447 5448
3786 3787
3597 3622
2409 2410
4649 4650
4920 4921
1611 1612
5783 5784
234 235
4122 4123
2140 2141
813 814
4985 4986
1043 1047
3324 3325
5514 5515
1105 1107
828 829
4716 4717
1149 1150
3339 3340
30 31
1678 1679
3918 3919
5850 5851
2541 2542
3210 4098
880 881
5052 5053
3675 3676
4254 4255
2877 2878
4783 4784
2079 2080
97 98
3985 3986
418 419
4618 4424
4590 4591
3556 3580
2608 2609
2404 2550
5119 5120
1810 1811
5982 5983
433 434
4321 4322
1012 1013
2944 2945
5184 5185
3523 3524
4087 4091
2146 2147
3544 3583
1348 1349
5520 5521
3538 3539
3859 3860
1877 1878
550 551
4722 4723
3061 3062
5251 5252
565 566
4453 4454
3076 3077
495 507
1415 1416
3655 3656
5587 5588
2278 2279
6166 6167
617 618
3258 987
4789 4790
1480 1481
3412 3413
3131 3134
3991 3992
2614 2615
3935 3831
4520 4521
1816 1817
3662 3709
155 156
4327 4328
2345 2346
2924 2925
4856 4857
1547 1548
506 4550
5719 5720
170 171
4058 4059
749 750
2681 2682
4921 4922
3260 3261
1875 4504
3263 3266
1883 1884
5771 5772
2617 6309
1085 1086
3275 3276
3596 3597
1614 1615
4459 4460
2798 2799
816 817
4988 4989
4235 3705
4190 4191
2813 2814
1152 1153
3392 3393
5324 5325
2015 2016
3663 3664
5903 5904
354 355
4526 4527
1217 1218
3728 3729
2351 2352
6239 6240
4257 4258
1553 1554
3459 3460
5551 5573
2082 2083
5674 5680
2661 2662
4593 4594
1284 1285
3795 3796
486 487
2418 2419
4658 4659
6306 6307
2997 2998
1620 1621
5508 5509
1339 1342
3491 3506
822 823
3012 3013
3333 3334
1351 1352
4196 4197
2214 2215
6102 6103
2535 2536
553 554
4725 4726
3927 3928
530 543
2550 2551
889 890
3129 3130
5061 5062
1752 1753
91 92
4263 4264
954 955
3465 3466
2088 2089
5976 5977
3994 3995
1290 1291
3196 3197
4235 4323
1819 1820
5707 5708
678 683
3410 3422
2398 2399
4330 4331
1021 1022
1382 4448
3532 3533
91 105
223 224
2155 2156
4395 4396
6043 6044
3295 3297
2734 2735
6111 6178
1357 1358
5245 5246
559 560
2749 2750
3070 3071
1088 1089
5260 5261
1951 1952
3599 3600
5839 5840
2272 2273
290 291
4462 4463
844 850
3664 3665
2287 2288
6175 6176
626 627
2866 2867
4798 4799
1489 1490
5377 5378
4000 4001
691 692
2339 2340
5906 5907
3202 3203
5713 5714
3731 3732
3003 3030
1027 1028
6242 6243
2933 2934
6059 3089
1556 1557
5444 5445
2135 2136
3594 3619
4067 4068
6307 6308
758 759
3269 3270
1892 1893
4132 4133
5780 5781
2471 2472
1891 1897
1094 1095
4982 4983
296 297
2486 2487
825 826
4997 4998
1688 1689
3336 3337
5576 5577
27 28
6181 6182
4199 4200
3489 3515
1161 1162
3401 3402
5912 5913
363 364
4535 4536
1226 1227
5114 5115
3737 3738
1755 1756
428 429
2076 2077
5643 5644
6248 6249
2939 2940
957 958
5450 5451
3468 3469
4567 4609
764 765
2670 2671
4910 4948
2604 2088
5181 5182
3832 3867
1872 1873
3804 3805
6044 6045
495 496
4383 4384
3006 3007
1629 1630
5517 5518
2208 2209
831 832
4719 4720
33 34
1220 1287
2223 2224
6111 6112
562 563
4734 4735
413 440
1425 1426
3073 3074
5313 5314
5918 5919
3936 3937
835 843
2275 2276
898 899
3138 3139
5649 5650
100 101
4272 4273
3131 3136
963 964
4851 4852
3474 3475
1492 1493
5380 5381
1813 1814
2676 2677
2461 2523
694 695
4582 4583
1015 1016
5187 5188
3205 3206
5716 5717
2407 2408
1030 1031
4918 4919
1609 1610
3541 3542
5781 5782
232 233
1839 1843
4120 4121
2743 2744
1366 1367
5254 5255
1945 1946
6117 6118
568 569
4456 4457
2474 2475
97 2115
5848 5849
299 300
1099 1107
4471 4472
3330 3335
1162 1163
2810 2811
2230 2236
5050 5051
5655 5656
3673 3674
364 365
2012 2013
6184 6185
635 636
2875 2876
5386 5387
4009 4010
5915 5916
4588 4589
3211 3212
1229 1230
5117 5118
2413 2414
431 432
4319 4320
752 753
4924 4925
2942 2943
5453 5454
2370 2488
2144 2145
5855 5205
767 768
4655 4656
1346 1347
3278 3279
5518 5519
6306 6309
3857 3858
4215 6306
4588 4602
5555 5586
2480 2481
1103 1104
4991 4992
1682 1683
5854 5855
3872 3873
305 306
6086 6161
4193 4194
2211 2212
4924 4938
4975 4903
36 37
4208 4209
899 900
2547 2548
4787 4788
3391 3398
5798 5815
3410 3411
101 102
1749 1750
3129 3132
5921 5922
372 373
2612 2613
951 952
5123 5124
3746 3747
5652 5653
2948 2949
3082 963
966 967
4099 78
4854 4855
3477 3478
2150 2151
168 169
4056 4057
489 490
4661 4662
2679 2680
5190 5191
1881 1882
6053 6054
504 505
4392 4393
1083 1084
3015 3016
5255 5256
3295 3299
3594 3595
4218 4213
2217 2218
840 841
1079 1086
1419 1420
3609 3610
42 43
3930 3931
1948 1949
6120 6121
5839 5842
1150 1151
5322 5323
3945 3946
2284 2285
4524 4525
3147 3148
1486 1487
5658 5659
68 72
109 110
2349 2350
688 689
4860 4861
6173 6253
2878 2879
5389 5390
2685 2686
703 704
4591 4592
983 987
3214 3215
4055 4060
1887 1888
3793 3794
4398 4399
2416 2417
1039 1040
2226 2293
4927 4928
6307 6310
1618 1619
5790 5791
241 242
4129 4130
2752 2753
2131 2140
4992 4993
3331 3332
1954 1955
5842 5843
431 487
1156 1157
3346 3347
3667 3668
1685 1686
3125 3119
5857 5858
5686 3761
887 888
5059 5060
530 587
3682 3683
2021 2022
4261 4262
6193 6194
6107 6154
2884 2885
1223 1224
5395 5396
2086 2087
3734 3735
425 426
4597 4598
2615 2616
5126 5127
5217 3259
2422 2423
440 441
4328 4329
6062 5980
2951 2952
3530 3531
2153 2154
6041 6042
1012 1017
776 777
4664 4665
1355 1356
3866 3867
428 444
2489 2490
4729 4730
5130 5074
3068 3069
5819 5821
1691 1692
5579 5580
3001 3015
893 894
3083 3084
3404 3405
1422 1423
5594 5595
5874 5878
2285 2286
3933 3934
6173 6174
1837 1867
624 625
4796 4797
1758 1759
3998 3999
5930 5931
2621 2622
960 961
5132 5133
1823 1824
162 163
4334 4335
2352 2353
4863 4864
6047 6048
177 178
4065 4066
2688 2689
3161 3138
3267 3268
5199 5200
1890 1891
5778 5779
513 514
4401 4402
1092 1093
1883 1888
3603 3604
4570 4588
1621 1622
5793 5794
2226 2227
4466 4467
6114 6115
2805 2806
3596 3601
1428 1429
5316 5317
4046 4066
630 631
816 821
2820 2821
3141 3142
1159 1160
5331 5332
2022 2023
3670 3671
5910 5911
361 362
4533 4534
935 3374
1495 1496
3735 3736
5667 5668
2358 2359
6246 6247
697 698
76 85
4869 4870
6135 6187
1560 1561
4071 4072
2089 2090
5977 5978
2410 2411
4600 4601
3802 3803
2425 2426
3004 3005
4936 4937
1627 1628
5515 5516
250 251
4138 4139
6144 6212
829 830
3340 3341
1358 1359
5530 5531
1963 1964
5851 5852
3869 3870
1165 1166
5053 5054
4495 4497
1694 1695
367 368
2557 2558
896 897
5068 5069
1759 1760
3407 3408
5647 5648
98 99
4270 4271
3129 3134
2609 2610
3593 3534
1232 1233
3472 3473
5404 5405
94 101
5983 5984
434 435
4606 4607
1297 1298
3808 3809
3414 3424
1826 1827
5714 5715
2147 2148
4337 4338
1028 1029
3539 3540
2162 2163
6050 6051
501 502
2741 2742
4673 4674
1364 1365
5252 5253
2229 2338
3875 3876
566 567
3165 3191
3077 3078
2442 2567
1095 1096
5267 5268
1700 1701
5588 5589
3606 3607
902 903
4790 4791
1431 1432
104 105
6182 6183
633 634
4805 4806
4032 4065
6112 6124
1496 1497
3144 3145
5384 5385
6120 6244
4007 4008
5034 5043
2346 2347
969 970
3209 3210
5141 5142
5720 5721
171 172
4343 4344
1034 1035
6249 6250
3460 3502
3545 3546
1563 1564
5451 5452
1884 1885
4074 4075
2933 2938
765 766
4653 4654
3276 3277
1743 1387
1899 1900
5787 5788
238 239
2478 2479
4410 4411
1101 1102
4989 4990
3612 3613
303 304
3331 3334
2814 2815
832 833
5004 5005
1437 1438
5325 5326
3343 3344
6188 6189
4206 4207
639 640
4527 4528
2545 2546
1168 1169
5919 5920
370 371
4542 4543
1233 1234
2881 2882
5121 5122
3744 3745
2083 2084
6255 6256
706 707
2946 2947
1285 1286
409 420
5457 5458
4080 4081
5986 5987
3282 3283
1300 1301
5188 5189
3811 3812
502 503
4390 4391
3013 3014
1636 1637
5524 5525
2215 2216
4147 4148
838 839
4726 4727
3349 3350
40 41
2551 2552
569 570
4741 4742
1174 1175
5062 5063
3080 3081
5925 5926
3943 3944
376 377
5591 5592
4264 4265
2282 2283
5855 5867
905 906
3416 3417
5656 5657
107 108
4279 4280
2618 2619
837 856
3481 3482
1820 1821
5992 5993
4010 4011
443 444
2683 2684
1022 1023
5194 5195
3817 3818
5723 5724
3019 3020
1037 1038
4925 4926
3548 3549
239 240
4127 4128
6059 6060
2750 2751
1373 1374
5261 5262
1952 1953
3884 3885
6124 6125
575 576
4463 4464
3086 3087
2288 2289
306 307
4478 4479
911 912
2817 2818
3680 3681
113 114
5328 5329
2019 2020
5551 5566
6191 6192
642 643
4148 4200
1221 1222
3153 3154
5393 5394
4016 4017
3436 3442
3218 3219
1557 1558
5729 5730
3255 3286
3747 3748
180 181
4068 4069
5599 5620
4931 4932
2949 2950
3188 3232
1572 1573
5460 5461
2756 2757
774 775
4662 4663
3285 3286
3864 3865
5137 5158
5796 5797
2487 2488
1110 1111
4998 4999
1689 1690
3621 3622
312 313
4200 4201
2823 2824
5810 5816
2025 2026
43 44
4215 4216
2554 2555
3417 3418
5065 5066
1756 1757
5928 5929
379 380
4267 4268
958 959
2890 2891
2092 2093
6264 6265
2085 885
2955 2956
1294 1295
5466 5467
3484 3485
3805 3806
4668 4669
5160 5131
2686 2687
1309 1310
5197 5198
1053 1061
2493 2494
511 512
4399 4400
3022 3023
3601 3602
5533 5534
2224 2225
6112 6113
847 848
4735 4736
1426 1427
3358 3359
49 50
3937 3938
1079 1090
2560 2561
6127 6128
1762 1763
3952 3953
2291 2292
3258 3276
3154 3155
4802 4803
1493 1494
5665 5666
4524 4529
116 117
2356 2357
4004 4005
5979 4550
695 696
2627 2628
4867 4868
1829 1830
6001 6002
2692 2693
1031 1032
5203 5204
3221 3222
5732 5733
4405 4406
2423 2424
2744 2745
1046 1047
4934 4935
4032 4080
5085 5104
248 249
4136 4137
2759 2760
2377 2429
3338 3339
5270 5271
1961 1962
5849 5850
584 585
4472 4473
1163 1164
3095 3096
4062 4080
3674 3675
1692 1693
5864 5865
2297 2298
6185 6186
4203 4204
1499 1500
78 80
2028 2029
868 879
6200 6201
71 77
2891 2892
4539 4540
1230 1231
2228 2319
4929 4954
5402 5403
2093 2094
3741 3742
5852 5868
5671 5039
432 433
2364 2365
4604 4605
2083 2086
1566 1567
5738 5739
768 769
4940 4941
2958 2959
5469 5470
4142 4143
2160 2161
6048 6049
2481 2482
783 784
4671 4672
3082 3116
3294 3295
4954 4960
1633 1634
3873 3874
2496 2497
835 836
5007 5008
1698 1699
5586 5587
4209 4210
2227 2228
900 901
2832 2833
6266 6285
3411 3412
1429 1430
5002 5014
5601 5602
2034 2035
5922 5923
3940 3941
1236 1237
1765 1766
5937 5938
2628 2629
4276 4277
967 968
5139 5140
1830 1831
3478 3479
169 170
2101 2102
4341 4342
4508 4519
2680 2681
4870 4871
1303 1304
5475 5476
6202 6219
505 506
4677 4678
2695 2696
5206 5207
5785 5786
520 521
4408 4409
1099 1100
3031 3032
1370 1371
3610 3611
2233 2234
4041 4063
6121 6122
572 573
4744 4745
1435 1436
5323 5324
1927 1898
3946 3947
1964 1965
3148 3149
1166 1167
5338 5339
1771 1772
5659 5660
3677 3678
973 974
2879 2880
1502 1503
5674 5675
4013 4014
6253 6254
704 705
4876 4877
1567 1568
3215 3216
1838 1839
4078 4079
5726 5727
2417 2418
4607 4608
1040 1041
242 243
6181 6243
4414 4415
992 1000
2432 2433
771 772
4943 4944
1634 1635
5522 5523
4145 4146
836 837
2768 2769
1107 1108
3347 3348
1970 1971
5858 5859
309 310
4481 4482
1172 1173
5060 5061
3683 3684
1701 1702
2885 2886
884 891
903 904
4215 4218
5075 5076
1508 1509
5396 5397
3414 3415
5566 5579
4277 4278
710 711
2616 2617
5628 5639
1239 1240
5411 5412
5798 5821
3750 3751
5990 5991
441 442
4613 4614
1304 1305
1575 1576
3815 3816
4562 4568
3421 3431
2154 2155
4344 4345
777 778
3617 81
4151 4152
2169 2170
6057 6058
508 509
4680 4681
1371 1372
5259 5260
3003 3012
3022 3025
3882 3883
573 574
4033 4052
2505 2506
844 845
3084 3085
1707 1708
5595 5596
3613 3614
46 47
3358 3361
909 910
4797 4798
1079 1092
3420 3421
1438 1439
5610 5611
3949 3950
3369 3375
2622 2623
640 641
3353 3367
1369 3002
4812 4813
1245 1246
5240 5260
5133 5134
3151 3152
5243 5265
4014 4015
447 448
5662 5663
2353 2354
976 977
2147 5669
1555 1556
3487 3488
5727 5728
1353 4347
178 179
4350 4351
2689 2690
3552 3553
1891 1892
3202 3211
6063 6064
4081 4082
514 515
4402 4403
1906 1907
5794 5795
245 246
1108 1109
4996 4997
3619 3620
310 311
2242 2243
6130 6131
1101 1106
581 582
2821 2822
1444 1445
5332 5333
3467 4919
3350 3351
3955 3956
646 647
5861 5862
3157 3158
1175 1176
3686 3687
2359 2360
377 378
4549 4550
982 983
2888 2889
1511 1512
3751 3752
184 185
5399 5400
5979 5975
5162 5164
713 714
3224 3225
5464 5465
4087 4088
2426 2427
3393 3411
444 445
5624 5639
3289 3290
1628 1629
5800 5801
3818 3819
251 252
4139 4140
3020 3021
1643 1644
5531 5532
441 497
4154 4155
845 846
4733 4734
3356 3357
47 48
673 739
5867 5868
3119 3121
318 319
2558 2559
1181 1182
5069 5070
3087 3088
3692 3693
383 384
5598 5599
2894 2895
912 913
3423 3424
114 115
4286 4287
4225 4277
2625 2626
1248 1249
3488 3489
5136 5137
1827 1828
5999 6000
450 451
4338 4339
2961 2962
5201 5202
2163 2164
181 182
3026 3027
1365 1366
5537 5538
3555 3556
3876 3877
6154 6180
3019 3024
6066 6067
2757 2758
1380 1381
5268 5269
1080 1089
3891 3892
582 583
2230 2231
4470 4471
3093 3094
5604 5605
2295 2296
918 919
4806 4807
2824 2825
76 78
3429 3430
120 121
5335 5336
6198 6199
2631 2632
649 650
4537 4538
4568 4642
3160 3161
2934 5558
2362 2363
985 986
3225 3226
4873 4874
1564 1565
5736 5737
187 188
4075 4076
6265 6266
2698 2699
4938 4939
1900 1901
6072 6073
2763 2764
1102 1103
3292 3293
3832 534
5803 5804
2494 2495
1117 1118
5005 5006
1509 1642
5096 5124
3628 3629
319 320
1967 1968
4207 4208
6139 6140
2830 2831
4421 4433
5341 5342
2032 2033
4543 4544
2561 2562
3166 3167
5072 5073
1464 1468
975 1011
1763 1764
5935 5936
2368 2369
386 387
4274 4275
2897 2898
3347 3363
5408 5409
2099 2100
6271 6272
722 723
2962 2963
4610 4611
1301 1302
5473 5474
3812 3813
6002 6003
2435 2436
4675 4676
1637 1638
5809 5810
3827 3828
2166 2167
545 622
839 840
5011 5012
3029 3030
5540 5541
2231 2232
6119 6120
854 855
4742 4743
3365 3366
56 57
1704 1705
3944 3945
5236 5251
5876 5877
2567 2568
2355 2160
906 907
5078 5079
1769 1770
4280 4281
2298 2299
2903 2904
4809 4810
1500 1501
5672 5673
2105 2106
634 1094
123 124
4011 4012
3002 3031
2634 2635
3434 3442
3213 3214
5145 5146
4524 4533
1836 1837
6008 6009
2193 2340
459 460
4347 4348
1038 1039
5210 5211
3549 3550
5739 5740
111 127
2172 2173
1891 1894
4941 4942
1374 1375
3564 3565
2390 2480
1903 1904
576 577
4748 4749
3327 3329
2766 2767
3865 3907
1086 1093
1105 1106
5277 5278
1968 1969
5856 5857
6067 6077
4479 4480
4212 4136
3102 3103
1441 1442
3681 3682
3447 3515
5613 5614
410 436
2304 2305
6192 6193
643 644
4815 4816
5054 5061
1506 1507
4017 4018
2035 2036
6207 6208
1237 1238
5409 5410
1842 1843
6310 6306
3748 3749
5040 5055
2371 2372
2950 2951
2525 4236
4882 4883
1573 1574
5745 5746
196 197
4084 4085
775 776
4947 4948
3286 3287
1849 1859
5476 5477
1909 1910
4678 4679
1111 1112
3301 3302
1640 1641
2503 2504
502 509
842 843
5014 5015
2746 2905
1705 1706
5593 5594
4216 4217
1881 5086
2839 2840
3119 3123
1178 1179
3418 3419
5350 5351
2041 2042
5929 5930
380 381
4552 4553
1243 1244
3754 3755
1772 1773
5944 5945
4283 4284
5146 5147
1579 1580
3485 3486
1897 1889
2108 2109
4348 4349
5996 5997
2687 2688
4619 4620
1310 1311
169 174
3821 3822
512 513
4684 4685
3023 3024
1041 1042
5213 5214
1646 1647
4415 4416
848 849
3038 3039
1377 1378
4222 4223
2240 2241
6128 6129
579 580
4751 4752
1442 1443
3953 3954
2576 2577
4482 4483
915 916
3155 3156
5087 5088
1778 1779
5666 5667
3684 3685
117 118
1927 3299
4289 4290
980 981
3491 3492
1509 1510
4020 4021
711 712
4883 4884
1316 1317
3222 3223
4041 4080
1845 1846
4085 4086
5093 5108
5733 5734
2424 2425
4356 4357
574 599
1047 1048
3558 3559
249 250
4421 4422
2760 2761
778 779
4950 4951
2427 2551
4152 4153
585 586
2775 2776
3483 3506
1114 1115
5286 5287
1103 3437
1977 1978
3625 3626
5865 5866
2496 2543
316 317
4488 4489
1179 1180
3690 3691
2313 2314
6201 6202
4219 4220
652 653
2892 2893
1515 1516
5403 5404
3421 3422
4026 4027
2044 2045
717 718
5932 5933
3228 3229
1246 1247
3757 3758
448 449
4620 4621
1053 1054
6268 6269
2959 2960
1582 1583
3822 3823
5470 5471
2161 2162
5621 5640
4093 4094
784 785
4672 4673
3295 3296
2094 2108
2497 2498
1076 1078
515 516
6275 6285
4687 4688
1079 1083
416 510
3889 3890
322 323
2512 2513
851 852
3091 3092
5023 5024
1714 1715
3362 3363
5602 5603
53 54
3365 3368
4225 4226
916 917
2564 2565
5589 2631
3427 3428
2998 3022
5938 5939
3956 3957
389 390
1252 1253
5140 5141
3158 3159
1733 5498
3763 3764
1781 1782
454 455
5669 5670
2965 2966
983 984
3494 3495
185 186
6005 6006
2696 2697
2295 2353
1987 2008
1319 1320
3559 3560
5207 5208
1898 1899
6070 6071
521 522
4409 4410
3032 3033
2234 2235
252 253
4424 4425
3626 3627
59 60
6137 6138
588 589
2828 2829
4760 4761
1451 1452
3099 3100
5339 5340
1648 1737
3962 3963
653 654
73 79
2301 2302
5868 5869
3913 3024
6091 6143
3164 3165
5675 5676
3693 3694
857 834
5564 5579
989 990
6204 6205
4877 4878
2895 2896
3500 3501
1518 1519
5406 5407
6269 6270
2702 2703
720 721
4608 4609
3231 3232
5742 5743
2433 2434
5165 5173
1056 1057
3296 3297
4944 4945
1635 1636
5807 5808
258 259
4146 4147
2769 2770
1971 1972
6143 6144
4161 4162
2500 2501
3363 3364
5874 5875
325 326
2565 2566
4497 4498
1188 1189
2836 2837
5076 5077
88 90
3699 3700
390 391
2038 2039
5605 5606
6210 6211
2901 2902
2166 2224
1240 1241
5412 5413
3430 3431
5941 5942
4614 4615
2632 2633
3237 3238
1255 1256
5143 5144
1834 1835
6006 6007
2439 2440
457 458
4345 4346
2968 2969
5479 5480
2170 2171
793 794
3033 3034
4681 4682
2699 2700
1372 1373
5544 5545
3883 3884
6073 6074
2506 2507
4990 2929
5275 5276
655 685
1708 1709
5880 5881
3898 3899
2237 2238
3100 3101
5073 5034
5611 5612
62 63
2302 2303
4234 4235
2573 2574
4813 4814
3436 3437
127 128
1775 1776
5342 5343
5947 5948
2638 2639
977 978
5149 5150
3167 3168
3598 3620
5678 5679
2369 2370
992 993
4880 4881
1571 1572
3503 3504
5743 5744
2176 2177
194 195
240 311
4085 4088
2705 2706
3672 3690
2025 5162
5216 5217
1907 1908
6079 6080
530 531
4418 4419
2436 2437
5281 5282
892 883
3617 1926
3620 3621
5810 5811
2243 2244
6131 6132
261 262
5012 5013
1445 1446
3635 3636
1974 1975
6146 6147
2837 2838
1176 1177
4488 4491
5348 5349
1907 1921
2039 2040
3971 3972
4938 4956
2310 2311
469 497
4550 4551
3173 3174
5079 5080
1512 1513
6178 6220
5684 5685
2375 2376
714 715
4886 4887
411 448
2904 2905
5976 5978
5415 5416
67 86
2106 2107
6278 6279
729 730
4617 4618
1308 1309
3240 3241
5480 5481
3819 3820
2442 2443
5041 5067
1065 1066
4953 4954
1644 1645
267 268
4155 4156
2173 2174
5018 5019
3357 3358
1375 1376
5547 5548
1980 1981
4749 4750
1182 1183
4040 4061
3372 3373
4213 4218
1711 1712
2574 2575
913 914
5992 6056
3005 3027
5085 5086
1776 1777
547 564
4287 4288
4025 4059
2910 2911
4816 4817
1249 1250
5421 5422
2112 2113
451 452
4623 4624
2641 2642
5152 5153
1843 1844
6015 6016
466 467
4354 4355
1045 1046
2977 2978
5217 5218
3556 3557
6307 6309
2179 2180
6067 6068
802 803
4690 4691
1381 1382
4 5
3892 3893
1910 1911
4755 4756
3094 3095
1112 1113
5284 5285
1717 1718
87 124
4486 4487
919 920
6091 6253
3109 3110
1448 1449
871 879
2311 2312
3959 3960
6199 6200
650 651
4822 4823
1513 1514
4024 4025
2647 2648
4553 4554
986 987
5158 5159
1849 1850
3755 3756
188 189
4360 4361
2378 2379
6266 6267
4889 4890
5274 5226
1580 1581
203 204
4091 4092
782 783
3495 3509
4242 4261
2714 2715
4954 4955
1916 1917
5804 5805
539 540
4427 4428
1118 1119
3629 3630
1647 1648
5819 5820
4158 4159
2831 2832
5563 5571
849 850
448 506
5021 5022
51 52
4951 4963
656 657
3123 3125
5234 5251
2846 2847
1185 1186
5357 5358
589 603
2048 2049
3696 3697
5936 5937
387 388
4559 4560
1250 1251
3761 3762
6272 6273
4290 4291
723 724
1586 1587
3492 3493
4097 4098
4935 4968
2115 2116
6003 6004
4626 4627
1317 1318
907 925
3828 3829
2451 2452
4691 4692
3030 3031
1889 1894
1653 1654
5541 5542
4164 4165
102 124
855 856
3045 3046
3366 3367
1384 1385
3118 3036
5556 5557
3895 3896
2186 2238
586 587
4758 4759
1203 263
1720 1721
3960 3961
393 394
2583 2584
922 923
5094 5095
1785 1786
5673 5674
124 125
4296 4297
987 988
2635 2636
3454 3493
3498 3499
6009 6010
139 140
4027 4028
460 461
1323 1324
3229 3230
3834 3835
1852 1853
5740 5741
4363 4364
5163 5171
175 184
4063 4072
1054 1055
4942 4943
3565 3566
256 257
4516 4542
2188 2189
6076 6077
2767 2768
1390 1391
5278 5279
3901 3902
592 593
2782 2783
3103 3104
1121 1122
5293 5294
3632 3633
323 324
4495 4496
2834 2835
1457 1458
3697 3698
6208 6209
659 660
79 85
4831 4832
1522 1523
3170 3171
5410 5411
4033 4034
5939 5940
2372 2373
6305 6263
3235 3236
5746 5747
3764 3765
6275 6276
2966 2967
2183 2329
3571 3572
1589 1590
5477 5478
4100 4101
5199 5241
791 792
4679 4680
3302 3303
1925 1926
5813 5814
2504 2505
1127 1128
5015 5016
329 330
2840 2841
858 859
5030 5031
3369 3370
60 61
6214 6215
4232 4233
2571 2572
1194 1195
3434 3435
5945 5946
396 397
4568 4569
1259 1260
5147 5148
4025 4061
3770 3771
1788 1789
5676 5677
6281 6282
2972 2973
1311 1312
5483 5484
3501 3502
6012 6013
2703 2704
3308 3309
1326 1327
5214 5215
1905 1906
6165 6191
3837 3838
6077 6078
528 529
4416 4417
3039 3040
1662 1663
5550 5551
2241 2242
864 865
4752 4753
2770 2771
3185 3215
6144 6145
2577 2578
595 596
4767 4768
3106 3107
5346 5347
3969 3970
5617 5618
2308 2309
931 932
3171 3172
1510 1511
4569 4645
5682 5683
133 134
5852 5865
4305 4306
6211 6212
3507 3508
5549 5275
1525 1526
5413 5414
1846 1847
6018 6019
5564 5583
4036 4037
2709 2710
1048 1049
5220 5221
3238 3239
5749 5750
2440 2441
5320 5344
1063 1064
4951 4952
3530 3532
5162 5172
3574 3575
5814 5815
5033 5021
265 266
3945 3976
4153 4154
2776 2777
1399 1400
5287 5288
1978 1979
6150 6151
601 602
4489 4490
2507 2508
5881 5882
2314 2315
332 333
4504 4505
2843 2844
5083 5084
3706 3707
3126 3132
5354 5355
2045 2046
6217 6218
668 669
2908 2909
4026 2113
1247 1248
1080 842
5419 5420
837 855
4042 4043
5948 5949
1262 1263
5150 5151
1583 1584
5755 5756
3773 3774
4957 4958
2115 2118
2975 2976
1598 1599
5486 5487
2177 2178
2968 2973
800 801
4688 4689
3311 3312
5551 5552
2 3
3890 3891
5822 5823
2513 2514
1092 1094
1136 1137
5024 5025
1715 1716
5134 5156
338 339
4226 4227
2244 2245
1446 1447
5618 5619
2051 2052
69 70
4241 4242
2580 2581
4820 4821
5091 5092
1782 1783
5954 5955
405 406
2645 2646
4293 4294
494 6076
984 985
3436 3441
5156 5157
5685 5686
117 124
76 86
2981 2982
999 1000
4887 4888
1320 1321
5167 5171
5492 5493
3510 3511
4089 4090
4694 4695
219 256
2712 2713
1335 1336
5223 5224
1914 1915
537 538
4425 4426
4024 4082
3048 3049
5288 5289
3627 3628
6079 6084
2250 2251
6138 6139
268 269
873 874
4761 4762
1452 1453
75 76
3963 3964
1981 1982
6153 6154
4492 4493
1183 1184
5355 5356
130 133
2317 2318
4557 4558
3180 3181
4828 4829
1519 1520
5691 5692
142 143
2382 2383
4030 4031
721 722
4212 3513
4893 4894
5422 5423
3405 3420
2718 2719
5166 5174
736 737
4624 4625
1057 1058
5229 5230
3247 3248
3826 3827
5758 5759
4431 4432
2449 2450
1072 1073
4960 4961
1651 1652
274 275
4162 4163
2785 2786
5025 5026
1083 1087
3364 3365
1987 1988
5875 5876
5 6
610 611
3017 3028
1189 1190
3700 3701
1718 1719
5890 5891
4229 4230
920 921
5092 5093
122 123
3434 3437
2054 2055
4294 4295
6226 6227
2917 2918
4565 4566
1256 1257
5428 5429
2119 2120
3767 3768
458 459
4630 4631
2969 2970
2112 2117
5159 5160
473 474
4361 4362
794 795
2984 2985
3204 3217
3563 3564
5495 5496
4168 4169
2186 2187
6074 6075
809 810
4697 4698
1388 1389
3320 3321
11 12
3899 3900
2522 2523
4428 4429
1100 1107
1724 1725
5612 5613
4235 4236
2253 2254
926 927
3116 3117
3437 3438
1455 1456
5627 5628
4486 4491
3966 3967
657 658
4829 4830
3168 3169
1791 1792
4031 4032
590 604
5963 5964
1362 1386
993 994
5165 5166
583 601
1856 1857
3504 3505
195 196
4367 4368
544 609
2706 2707
4896 4897
210 211
4098 4099
531 532
5025 4489
2721 2722
1060 1061
3300 3301
5232 5233
1923 1924
5811 5812
4434 4435
1125 1126
3057 3058
3296 3303
3636 3637
2259 2260
6147 6148
4165 4166
1461 1462
5349 5350
3972 3973
1990 1991
2853 2854
3174 3175
1192 1193
5364 5365
3703 3704
394 395
4566 4567
2905 2906
415 454
1528 1529
3768 3769
5700 5701
6279 6280
730 731
1593 1594
3241 3242
4104 4105
5150 5153
6010 6011
2443 2444
4633 4634
519 403
3835 3836
2458 2459
797 798
3037 3038
4969 4970
1660 1661
5548 5549
4171 4172
3030 3035
862 863
2794 2795
4060 4075
3373 3374
792 804
1996 1997
5884 5885
3902 3903
1198 1199
2098 5162
5086 5087
3104 3105
1727 1728
2911 2912
929 930
3188 3220
5101 5102
3440 3441
131 132
4303 4304
5951 5952
2642 2643
1265 1266
3505 3506
1844 1845
6016 6017
467 468
2253 2309
4639 4640
2978 2979
3841 3842
6308 6310
1859 1860
5747 5748
2180 2181
4370 4371
981 5011
3572 3573
2195 2196
6083 6084
534 535
2774 2775
4706 4707
5093 5116
105 129
1397 1398
5285 5286
402 315
3908 3909
599 600
2531 2532
3110 3111
1733 1734
5621 5622
3639 3640
935 936
5329 5450
2841 2842
5012 5019
1464 1465
4492 4495
923 818
3975 3976
6215 6216
2648 2649
666 667
4838 4839
3177 3178
5628 5638
4040 4041
5688 5689
2379 2380
4531 4544
1002 1003
3242 3243
1581 1582
5860 5880
3293 3245
5753 5754
204 205
4376 4377
6282 6283
2715 2716
3578 3579
1596 1597
5484 5485
1917 1918
6089 6090
4107 4108
3309 3310
1932 1933
5820 5821
271 272
2511 2512
4443 4444
1134 1135
5022 5023
3645 3646
171 270
336 337
2268 2269
6156 6157
2847 2848
5037 5038
1470 1471
5358 5359
3376 3377
672 673
92 98
5887 5888
2578 2579
1201 1202
1780 1781
3712 3713
5952 5953
2385 2386
403 404
4575 4576
2914 2915
1537 1538
3777 3778
5425 5426
2116 2117
6288 6289
739 740
4627 4628
5490 5491
2131 2132
6019 6020
470 471
1982 2009
3315 3316
1333 1334
5221 5222
1654 1655
5826 5827
3844 3845
727 743
3046 3047
1669 1670
5557 5558
8 9
2248 2249
4180 4181
871 872
4759 4760
3382 3383
4082 4023
73 74
5893 5894
2584 2585
4774 4775
1207 1208
5095 5096
3113 3114
860 4547
409 410
3437 3440
5624 5625
2315 2316
3607 3622
938 939
77 85
1517 1518
2529 2541
3449 3450
5689 5690
140 141
2651 2652
1274 1275
3514 3515
5162 5163
3400 3413
1853 1854
6025 6026
1825 5993
182 259
476 477
4364 4365
5227 5228
2080 2018
1868 1869
5756 5757
207 208
3052 3053
1070 1071
4958 4959
1391 1392
5563 5564
3581 3582
4160 4161
6092 6093
2783 2784
3173 3235
1406 1407
5294 5295
1985 1986
3917 3918
608 609
279 3817
4496 4497
3119 3120
2321 2322
339 340
4511 4512
944 945
4832 4833
2850 2851
146 147
5361 5362
2052 2053
6224 6225
675 676
4563 4564
1254 1255
3126 3136
3186 3187
5426 5427
589 609
2388 2389
1011 1012
3251 3252
4899 4900
1590 1591
5762 5763
3780 3781
213 214
4101 4102
6291 6292
4964 4965
3303 3304
1605 1606
5493 5494
807 808
4695 4696
1128 1129
5300 5301
3318 3319
3897 3898
5829 5830
2520 2521
5226 5271
1143 1144
5031 5032
1722 1723
3654 3655
345 346
6078 1057
4233 4234
2856 2857
5175 5161
4762 4763
1973 2015
2058 2059
76 77
4569 4570
2587 2588
5098 5099
1789 1790
5961 5962
412 413
3440 3443
4300 4301
991 992
2923 2924
115 126
5163 5164
1400 1685
4513 4530
2125 2126
6297 6298
748 749
2988 2989
4636 4637
1327 1328
5499 5500
3517 3518
3838 3839
980 991
6028 6029
5167 5175
1342 1343
5230 5231
3853 3854
544 545
2192 2193
4432 4433
865 866
3055 3056
5566 5567
2257 2258
6145 6146
4768 4769
1459 1460
3391 3392
82 83
3970 3971
974 893
2593 2594
4499 4500
3604 3621
1795 1796
1828 1744
4306 4307
2324 2325
3187 3188
4835 4836
1526 1527
5698 5699
149 150
4037 4038
728 729
2660 2661
4900 4901
626 718
3239 3240
1862 1863
6034 6035
485 486
1064 1065
484 490
5236 5237
3254 3255
3575 3576
5765 5766
1079 1080
4967 4968
3590 3591
3010 3016
281 282
1929 1930
4169 4170
2792 2793
1131 1132
5303 5304
1994 1995
5882 5883
4505 4506
2523 2524
3128 3129
3707 3708
5680 5641
2330 2331
6218 6219
348 349
4236 4237
526 621
1532 1533
3438 3439
4043 4044
5428 5541
2061 2062
6233 6234
4572 4573
1263 1264
5435 5436
3774 3775
3194 3200
465 466
2397 2398
4637 4638
2976 2977
1599 1600
801 802
4973 4974
2991 2992
3312 3313
1330 1331
5502 5503
6081 6082
4704 4705
3327 3328
5789 5681
18 19
1666 1667
3906 3907
2529 2530
868 869
5040 5041
1731 1732
5619 5620
4242 4243
2260 2261
2865 2866
5079 5117
3444 3445
622 520
2067 2068
5955 5956
85 86
3973 3974
3437 3442
1269 1270
3175 3176
1798 1799
5970 5971
4309 4310
1000 1001
5172 5173
5600 5620
3511 3512
202 203
2134 2135
4374 4375
6022 6023
2713 2714
1336 1337
538 539
4710 4711
2728 2729
3049 3050
1067 1068
5239 5240
1930 1931
5818 5819
4441 4442
3064 3065
5039 5071
1403 1404
3643 3644
4223 4219
5575 5576
2266 2267
6154 6155
605 606
4777 4778
1468 1469
4540 4542
3119 3122
3979 3980
1997 1998
6169 6170
2602 2603
5747 4195
4508 4509
3181 3182
1804 1805
5692 5693
3710 3711
1006 1007
6221 6222
2912 2913
1535 1536
2114 2115
4046 4047
6286 6287
737 738
4909 4910
3248 3249
1266 1267
1871 1872
4111 4112
5759 5760
477 518
2450 2451
1073 1074
2103 2114
275 276
3026 3028
2465 2466
2786 2787
804 805
4976 4977
1667 1668
1087 1093
5555 5556
6 7
4178 4179
2801 2802
2006 316
1140 1141
5312 5313
2003 2004
5891 5892
342 343
4514 4515
1205 1206
3716 3717
1734 1735
6227 6228
4245 4246
5108 5109
1541 1542
5429 5430
3447 3448
2070 2071
743 744
5958 5959
2649 2650
1272 1273
3783 3784
6023 6024
474 475
4646 4647
2985 2986
1003 1004
1608 1609
3848 3849
5496 5497
2187 2188
810 811
4698 4699
2981 2988
100 126
12 13
2202 2203
6090 6091
541 542
4713 4714
1404 1405
5292 5293
3915 3916
3335 3341
2538 2539
836 840
877 878
3117 3118
5049 5050
1740 1741
5628 5629
79 80
4251 4252
942 943
6157 6158
3453 3454
1471 1472
5964 5965
3982 3983
673 674
4845 4846
1278 1279
5166 5167
3184 3185
1807 1808
480 481
5695 5696
2386 2387
1009 1010
4897 4898
5760 5761
211 212
2722 2723
740 741
1345 1346
3585 3586
5233 5234
1924 1925
6096 6097
6101 6212
547 548
4435 4436
3014 3016
1939 1940
5827 5828
278 279
4450 4451
1141 1142
2789 2790
5029 5030
3652 3653
6163 6164
4709 4796
5022 5027
614 615
2854 2855
4786 4787
1477 1478
1864 1887
5365 5366
96 100
3988 3989
679 680
3127 3135
5894 5895
3190 3191
1208 1209
3719 3720
410 411
3438 3441
6230 6231
4903 4904
2921 2922
1544 1545
5432 5433
2123 2124
6295 6296
746 747
4634 4635
3257 3258
5497 5498
2459 2460
477 478
1082 1083
4970 4971
1661 1662
5833 5834
3851 3852
284 285
4172 4173
1676 1677
5564 5565
15 16
4187 4188
878 879
2526 2527
4766 4767
3389 3390
868 871
80 81
5900 5901
351 352
2591 2592
442 470
4523 4524
2090 2081
1214 1215
1768 1801
5102 5103
3725 3726
416 417
5631 5632
2927 2928
945 946
4833 4834
3456 3457
147 148
5967 5968
4640 4641
2658 2659
1281 1282
5169 5170
1860 1861
5172 5175
3792 3793
6032 6033
483 484
4371 4372
5165 5172
2196 2197
214 215
4386 4387
819 820
4707 4708
2725 2726
1398 1399
2236 2269
5570 5571
3588 3589
21 22
3909 3910
6099 6100
3022 2131
1413 1414
5301 5302
6106 6261
3924 3925
615 616
2263 2264
4503 4504
3126 3127
1465 1466
5637 5638
88 89
2328 2329
3336 3351
4260 4261
4839 4840
2602 2605
3462 3463
153 154
5368 5369
1386 1294
2664 2665
682 683
4570 4571
1841 1874
3193 3194
5704 5705
2395 2396
1018 1019
4906 4907
1597 1598
3529 3530
5769 5770
220 221
3248 3251
4108 4109
2731 2732
2017 1928
1889 1891
1933 1934
6105 6106
4123 4124
556 557
2462 2463
5307 5308
3325 3326
3646 3647
5836 5837
287 288
5038 5039
3661 3662
352 353
2000 2001
4240 4241
6172 6173
2863 2864
1202 1203
5374 5375
2065 2066
3997 3998
4799 2434
4576 4577
2594 2595
3199 3200
5105 5106
2401 2402
419 420
4307 4308
2930 2931
3509 3510
5441 5442
2132 2133
5232 5268
6304 6305
5163 5168
755 756
4643 4644
1334 1335
3266 3267
5506 5507
3845 3846
987 998
2468 2469
1670 1671
3860 3861
2199 2200
5044 5045
3062 3063
3383 3384
1401 1402
5573 5574
24 25
2718 4687
6152 6153
4775 4776
3398 3399
89 90
1737 1738
3977 3978
5909 5910
4487 4494
79 82
939 940
5111 5112
1802 1803
141 142
5621 5628
4313 4314
889 4502
2331 2332
2936 2937
4842 4843
2138 2139
5166 5169
156 157
4044 4045
2667 2668
3246 3247
5178 5179
1869 1870
492 493
4380 4381
1071 1072
3003 3004
5243 5244
3283 3287
3582 3583
5772 5773
2205 2206
6093 6094
1407 1408
2998 3010
3597 3598
4904 4916
1936 1937
6108 6109
3467 3488
4781 4782
22 5014
2799 2800
4447 4448
3120 3121
4925 4975
1138 1139
3397 3429
5310 5311
2001 2002
4213 4217
4600 4626
4512 4513
3135 3136
1474 1475
3714 3715
5646 5647
2337 2338
6225 6226
676 677
4848 4849
1020 975
1539 1540
4050 4051
2068 2069
6240 6241
2673 2674
4579 4580
3438 3443
1875 1876
3781 3782
2404 2405
6292 6293
2983 2984
4915 4916
1606 1607
229 230
4117 4118
808 809
2740 2741
4980 4981
1038 1042
3319 3320
1337 1338
5509 5510
1942 1943
5830 5831
3271 3279
1144 1145
3334 3335
1673 1674
5845 5846
2536 2537
4184 4185
2857 2858
87 123
875 876
5047 5048
1738 1739
77 78
2009 2010
4249 4250
2872 2873
1211 1212
5383 5384
3189 3223
2074 2075
5962 5963
413 414
4585 4586
2603 2604
1276 1277
522 586
3787 3788
1805 1806
3520 3444
6298 6299
4316 4317
859 881
5179 5180
1612 1613
3518 3519
2141 2142
6029 6030
2720 2721
4652 4653
1343 1344
3854 3855
545 546
2477 2478
3056 3057
5246 5247
1679 1680
5567 5568
881 882
3071 3072
1410 1411
5582 5583
2273 2274
3921 3922
6161 6162
612 613
4784 4785
1475 1476
3123 3124
4547 4549
1746 1747
3986 3987
4515 4516
948 949
5120 5121
1811 1812
5699 5700
150 151
4322 4323
2340 2341
1013 1014
6228 6229
3524 3525
1542 1543
6035 6036
165 166
4053 4054
744 745
4916 4917
1349 1350
3255 3256
1878 1879
5766 5767
2457 2458
4389 4390
1080 1081
4968 4969
3591 3592
282 283
1889 1893
2793 2794
584 621
811 812
4983 4984
1416 1417
5304 5305
3325 3328
618 619
2808 2809
4022 3936
1147 1148
5319 5320
2010 2011
3658 3659
5898 5899
349 350
4048 4073
4521 4522
4987 4995
1212 1213
2860 2861
1483 1484
3723 3724
6234 6235
4252 4253
685 686
105 111
4857 4858
1548 1549
5436 5437
4059 4060
2077 2078
4525 4533
5965 5966
3261 3262
1279 1280
5167 5168
1600 1601
3790 3791
481 482
6301 6302
4419 4487
112 127
2992 2993
1615 1616
5503 5504
2194 2195
4126 4127
817 818
4705 4706
3268 3278
3328 3329
19 20
2530 2531
548 549
4720 4721
1153 1154
5041 5042
3059 3060
3922 3923
355 356
884 885
5056 5057
6064 6079
1747 1748
3395 3396
5635 5636
67 74
4258 4259
70 79
949 950
2597 2598
5568 5582
1220 1221
3460 3461
5971 5972
3989 3990
422 423
4594 4595
5173 5174
5044 5060
3796 3797
1814 1815
5702 5703
2998 2999
1016 1017
4904 4905
3527 3528
218 219
6038 6039
2729 2730
1352 1353
5240 5241
3258 3259
1931 1932
3863 3864
6103 6104
554 555
4442 4443
3065 3066
2267 2268
285 286
4457 4458
890 891
4778 4779
1089 4218
2796 2797
3659 3660
92 93
6170 6171
621 622
4793 4794
1484 1485
3132 3133
5372 5373
3995 3996
686 687
2334 2335
3197 3198
1536 1537
5708 5709
3726 3727
159 160
4331 4332
6237 6238
2112 2114
1551 1552
5439 5440
410 415
4062 4063
2735 2736
4641 4642
3264 3265
5775 5776
3027 3029
226 227
2466 2467
1089 1090
5084 5104
4977 4978
2995 2996
3600 3601
5840 5841
291 292
79 2099
4179 4180
2802 2803
820 821
2004 2005
6264 6290
22 23
6090 6137
4194 4195
627 628
2533 2534
1077 1093
3396 3397
1735 1736
5907 5908
1905 1918
358 359
5626 5629
4530 4531
2869 2870
5109 5110
3732 3733
423 424
2071 2072
6243 6244
2934 2935
1273 1274
5445 5446
3463 3464
2665 2666
3270 3271
1288 1289
5176 5177
3799 3800
490 491
4378 4379
789 824
5169 5174
3001 3002
1624 1625
5512 5513
2203 2204
826 827
4714 4715
2732 2733
3337 3338
5577 5578
28 29
3916 3917
5 45
2539 2540
557 558
1741 1742
3931 3932
2270 2271
3133 3134
1472 1473
5644 5645
95 96
3126 3131
2606 2607
4846 4847
3469 3470
160 161
1808 1809
5980 5981
2671 2672
1010 1011
5182 5183
3200 3201
5711 5712
2402 2403
3007 3008
1025 1026
4913 4914
3536 3537
227 228
1834 1838
4115 4116
2738 2739
1361 1362
5249 5250
1940 1941
1052 1021
563 564
4451 4452
3030 3032
2469 2470
1889 1895
3074 3075
5314 5315
1379 4533
3653 3654
5843 5844
2276 2277
6164 6165
294 295
5138 1073
1478 1479
1755 1787
3668 3669
2007 2008
6179 6180
2870 2871
4518 4519
1209 1210
5381 5382
66 0
2072 2073
411 412
2343 2344
4583 4584
3206 3207
2521 2350
1545 1546
5717 5718
2408 2409
747 748
2638 2642
4919 4920
2159 2119
2937 2938
5448 5449
2139 2140
762 763
4650 4651
4589 4641
3273 3274
3852 3853
5784 5785
2475 2476
4986 4987
1677 1678
300 301
539 583
4188 4189
2206 2207
2811 2812
5051 5052
4717 4718
3390 3391
1408 1409
5580 5581
2013 2014
5901 5902
31 32
2542 2543
1215 1216
6134 6140
3405 3406
1744 1745
5916 5917
2607 2608
4255 4256
67 76
946 947
5118 5119
130 132
1809 1810
148 149
4320 4321
6252 6253
2943 2944
1282 1283
5454 5455
2145 2146
484 485
4656 4657
3474 3519
2674 2675
5185 5186
5916 1958
1876 1877
4976 5012
4088 4092
499 500
4387 4388
3010 3011
5250 5251
3589 3590
5521 5522
4600 4617
2212 2213
6100 6101
4723 4724
1414 1415
338 5628
3005 3017
37 38
3925 3926
1943 1944
6115 6116
2548 2549
4454 4455
1145 1146
5317 5318
1750 1751
5638 5639
2279 2280
952 953
3142 3143
1569 1595
1481 1482
5653 5654
3012 3033
2344 2345
3992 3993
6232 6233
683 684
4855 4856
3194 3195
1817 1818
4057 4058
5989 5990
4561 1376
4586 4587
1019 1020
5191 5192
1882 1883
221 222
2112 2116
4393 4394
2411 2412
6299 6300
2111 1891
4922 4923
1613 1614
5501 5502
236 237
4124 4125
815 816
2747 2748
1086 1087
3326 3327
5258 5259
1949 1950
5837 5838
4460 4461
1151 1152
2747 2869
3662 3663
1680 1681
5852 5853
4191 4192
5183 5206
5054 5055
1487 1488
759 4196
1074 1053
5375 5376
3393 3394
2223 2310
2016 2017
87 127
1218 1219
5390 5391
2081 2082
3729 3730
5969 5970
3763 3314
420 421
4592 4593
2931 2932
5622 5633
1554 1555
3794 3795
4114 1033
435 436
4323 4324
756 757
4928 4929
2927 2934
1619 1620
4130 4131
2148 2149
6036 6037
4659 4660
1350 1351
5238 5239
3861 3862
552 553
2484 2485
823 824
3063 3064
4995 4996
1686 1687
5574 5575
4996 5598
4197 4198
888 889
3399 3400
2365 2389
1417 1418
5589 5590
3928 3929
619 620
4791 4792
1224 1225
5112 5113
3130 3131
1753 1754
3993 3994
955 956
5127 5128
3126 3133
1818 1819
3466 3467
157 158
4329 4330
2668 2669
4858 4859
1291 1292
3531 3532
2110 2112
1870 1871
6042 6043
172 173
4060 4061
493 494
4665 4666
5134 5144
3867 3868
1885 1886
5773 5774
4396 4397
1087 1088
4247 4274
3598 3599
289 290
2221 2222
6109 6110
560 561
2800 2801
4732 4733
6098 6180
1423 1424
5311 5312
3934 3935
4214 4218
625 626
1098 1075
1075 1091
3136 3137
1154 1155
5326 5327
3665 3666
3176 3209
356 357
4528 4529
961 962
6176 6177
2867 2868
570 582
1490 1491
3730 3731
2069 2070
4001 4002
6241 6242
692 693
4864 4865
3203 3204
4066 4067
2405 2406
4516 4532
6123 6142
4595 4596
3268 3269
1934 2003
1607 1608
5779 5780
3797 3798
230 231
2420 2421
3722 3624
6308 6309
759 760
5640 5621
3604 3605
1622 1623
5510 5511
4133 4134
824 825
4712 4713
3335 3336
26 27
1958 1959
5846 5847
297 298
2537 2538
4469 4470
1160 1161
5048 5049
3066 3067
3671 3672
362 363
2873 2874
891 892
5063 5064
3402 3403
93 94
4265 4266
698 699
5913 5914
2604 2605
1227 1228
3467 3468
67 78
1806 1807
3738 3739
130 134
5978 5979
429 430
4601 4602
2940 2941
2696 100
3803 3804
2142 2143
4332 4333
5516 5517
4914 4954
3534 3535
445 495
2157 2158
6045 6046
496 497
2736 2737
3341 3342
3527 3532
1359 1360
5247 5248
3870 3871
561 562
4449 4450
3072 3073
1695 1696
5583 5584
34 35
2274 2275
4648 4552
897 898
4785 4786
2803 2804
3408 3409
99 100
2998 3016
628 629
4800 4801
3139 3140
4002 4003
5650 5651
2341 2342
3012 3035
964 965
3204 3205
4852 4853
1543 1544
3475 3476
5715 5716
166 167
6244 6245
2677 2678
3540 3541
6007 6009
1879 1880
6268 5821
6051 6052
4069 4070
5253 5254
3271 3272
4043 4054
1894 1895
5782 5783
233 234
2473 2474
5724 5778
1096 1097
4984 4985
3607 3608
4634 4643
298 299
3326 3329
4186 4187
6118 6119
2809 2810
1432 1433
5320 5321
2011 2012
634 635
4522 4523
1752 1788
2540 2541
4052 4079
3145 3146
6085 6063
314 135
5914 5915
2347 2348
365 366
2876 2877
4467 4479
3739 3740
5387 5388
2078 2079
77 84
6250 6251
3502 3504
701 702
2941 2942
4589 4590
1280 1281
3212 3213
5452 5453
5981 5982
2414 2415
3277 3278
1616 1617
5788 5789
3806 3807
4990 4991
3008 3009
4902 4649
666 721
1631 1632
5519 5520
2210 2211
4721 4722
3396 5979
3344 3345
35 36
4135 4103
5855 5856
2546 2547
1169 1170
5057 5058
3075 3076
1748 1749
371 372
4259 4260
2277 2278
2882 2883
4788 4789
1479 1480
5651 5652
2084 2085
102 103
3130 3133
2613 2614
3476 3477
5124 5125
1815 1816
5987 5988
438 439
2678 2679
4326 4327
1017 1018
5189 5190
3528 3529
978 3012
5718 5719
2151 2152
346 4004
1353 1354
5525 5526
3543 3544
6054 6055
3454 3472
445 455
2745 2746
1368 1369
5256 5257
1947 1948
3879 3880
570 571
2218 2219
4458 4459
4628 4641
3081 3082
4987 4988
1420 1421
5592 5593
3443 3434
2283 2284
4910 4970
6171 6172
4794 4795
2812 2813
1485 1486
108 109
3996 3997
2014 2015
6186 6187
2619 2620
3753 3781
637 638
4525 4526
1216 1217
5388 5389
1821 1822
2350 2351
4861 4862
1552 1553
5724 5725
175 176
2415 2416
4063 4064
754 755
5181 5217
4926 4927
3265 3266
5455 5456
6060 6061
5020 4976
4657 4658
1090 1091
5262 5263
3280 3281
4508 4535
5791 5792
2482 2483
4993 4994
1684 1685
3616 3617
307 308
1955 1956
4195 4196
2818 2819
1078 1094
4724 4725
1157 1158
5329 5330
2020 2021
5908 5909
4531 4532
2549 2550
3733 3734
1751 1752
5923 5924
374 375
4262 4263
953 954
5125 5126
1558 1559
2907 2645
3464 3465
2087 2088
6259 6260
70 85
4598 4599
1289 1290
5461 5462
2152 2153
3800 3801
491 492
4663 4664
3002 3003
5192 5193
1625 1626
575 607
506 507
4394 4395
827 828
4999 5000
3017 3018
1356 1357
5528 5529
2219 2220
6107 6108
4730 4731
1421 1422
3353 3354
44 45
3932 3933
2555 2556
3021 3029
4461 4462
894 895
5066 5067
1757 1758
5645 5646
96 97
4268 4269
2286 2287
3470 3471
1488 1489
5660 5661
111 112
3999 4000
690 691
3749 3825
2644 2611
4862 4863
1295 1296
3201 3202
1824 1825
4064 4065
6276 6280
6013 3197
3530 3377
4335 4336
1026 1027
3345 5583
5198 5199
676 685
3537 3538
228 229
4400 4401
2739 2740
4929 4930
1362 1363
243 244
4131 4132
564 565
4736 4737
2754 2755
1093 1094
5265 5266
1956 1957
5844 5845
4467 4468
1158 1159
3090 3091
3669 3670
2292 2293
6180 6181
4198 4199
631 632
4803 4804
1494 1495
3400 3401
4005 4006
2023 2024
6195 6196
4534 4535
3207 3208
4045 4078
1225 1226
5397 5398
3736 3737
427 428
4599 4600
1032 1033
6247 6248
2938 2939
1561 1562
3801 3802
4072 4073
763 764
4935 4936
3274 3275
1292 1293
4137 4138
2476 2477
4666 4667
4904 4953
3868 3869
301 302
2491 2492
830 831
5090 5116
5002 5003
5802 5810
3388 3417
1693 1694
5581 5582
32 33
2451 2541
4204 4205
895 896
2827 2828
3406 3407
5085 5122
2029 2030
5917 5918
129 87
368 369
4540 4541
1231 1232
3742 3743
1760 1761
3351 3363
4271 4272
4417 4326
962 963
5134 5135
3473 3474
164 165
2096 2097
4336 4337
769 770
5984 5985
2675 2676
1298 1299
3809 3810
6049 6050
500 501
5138 5146
3011 3012
1029 1030
3874 3875
2213 2214
3980 1827
231 232
4403 4404
3605 3606
38 39
2228 2229
4036 4058
6116 6117
567 568
2807 2808
4739 4740
1430 1431
3078 3079
5318 5319
4502 4504
3941 3942
632 633
3143 3144
1766 1767
5654 5655
3672 3673
105 106
4444 4418
968 969
6183 6184
2874 2875
3479 3480
1497 1498
5237 5259
4008 4009
699 700
4871 4872
3210 3211
1833 1834
4073 4074
5721 5722
2412 2413
1035 1036
4923 4924
5981 6026
3546 3547
5786 5787
4024 4074
237 238
2427 2428
2748 2749
766 767
2600 2356
3611 3612
1090 1093
1950 1951
6122 6123
4140 4141
3342 3343
1965 1966
5793 5803
5853 5854
304 305
2544 2545
4476 4477
1167 1168
2815 2816
4047 4071
5055 5056
3678 3679
369 370
6189 6190
2880 2881
1503 1504
5391 5392
4042 4077
3409 3410
705 706
5920 5921
2611 2612
3216 3217
1234 1235
5122 5123
3745 3746
5985 5986
436 437
6256 6257
2947 2948
1570 1571
3810 3811
5458 5459
2196 2262
2149 2150
772 773
4660 4661
5797 5827
3283 3284
5523 5524
2164 2165
6052 6053
2485 2486
503 504
