0 1 16
0 2 71
1 2 1
2 3 100
2 10 88
2 61 44
3 4 46
5 6 47
5 7 7
5 64 8
6 7 49
6 8 40
6 9 53
6 75 96
7 8 36
8 9 91
9 10 32
10 5 33
11 12 23
12 13 84
13 14 14
14 15 22
14 33 74
15 16 40
16 17 88
17 18 48
18 19 80
19 20 24
20 21 93
21 22 25
22 23 95
23 24 9
24 25 77
25 26 84
25 47 44
26 27 74
27 28 62
28 29 45
29 30 82
30 31 29
31 32 77
32 33 30
32 144 58
33 11 3
34 35 17
34 55 59
35 36 73
35 45 59
36 37 73
36 58 22
37 38 54
37 43 71
38 39 19
39 40 85
39 56 36
40 41 61
40 53 61
40 59 75
41 42 93
41 53 11
42 43 47
43 44 56
44 45 35
44 58 4
45 46 18
46 47 34
47 48 88
47 50 27
48 49 97
49 50 33
49 113 59
50 51 68
51 52 43
52 53 11
53 54 8
54 55 76
55 56 7
56 57 74
57 58 33
58 59 1
59 34 19
60 61 44
61 62 68
61 65 91
61 70 21
61 84 93
62 63 86
62 67 84
63 64 42
63 68 34
64 65 82
64 70 5
64 142 40
65 66 34
65 71 22
66 67 91
66 69 99
66 70 6
67 68 43
68 69 68
69 70 18
69 71 99
70 71 42
71 60 25
72 73 52
72 77 11
72 78 6
73 74 40
74 75 24
74 77 42
75 76 18
76 77 6
77 78 100
78 79 24
79 72 10
79 85 19
80 81 48
81 82 43
81 84 74
81 86 92
82 83 91
83 84 28
83 87 85
84 85 14
85 86 63
86 87 27
87 80 50
88 89 85
89 90 63
90 91 69
91 92 16
92 93 2
92 104 88
92 107 16
93 94 54
94 95 23
95 96 39
96 97 3
97 98 21
98 99 11
99 100 66
100 101 49
101 102 57
102 103 9
102 110 46
102 119 100
103 104 54
104 105 70
105 106 54
106 107 41
107 108 55
108 109 58
109 110 37
110 111 69
111 112 9
112 113 80
113 114 74
114 115 31
115 116 56
116 117 27
117 118 17
118 119 14
119 120 79
119 125 80
120 121 53
121 122 60
122 123 14
123 124 7
124 125 58
125 126 64
126 127 30
127 88 36
128 129 54
129 130 40
130 131 64
131 132 32
132 133 80
132 138 7
133 134 34
134 135 23
134 141 80
135 136 43
136 137 18
137 138 99
137 142 64
138 139 12
139 140 60
140 141 18
141 142 18
142 143 100
143 128 91
143 149 37
144 145 71
145 146 44
145 148 37
146 147 97
147 148 37
148 149 56
149 150 92
150 151 85
150 154 79
151 152 51
152 153 66
153 154 8
154 155 51
155 156 34
156 157 79
157 158 90
158 159 81
159 144 87
