1 2 1
58 59 1
92 93 2
33 11 3
96 97 3
44 58 4
64 70 5
66 70 6
72 78 6
76 77 6
5 7 7
55 56 7
123 124 7
132 138 7
5 64 8
53 54 8
153 154 8
23 24 9
102 103 9
111 112 9
79 72 10
41 53 11
52 53 11
72 77 11
98 99 11
138 139 12
13 14 14
84 85 14
118 119 14
122 123 14
0 1 16
91 92 16
92 107 16
34 35 17
117 118 17
45 46 18
69 70 18
75 76 18
136 137 18
140 141 18
141 142 18
38 39 19
59 34 19
79 85 19
61 70 21
97 98 21
14 15 22
36 58 22
65 71 22
11 12 23
94 95 23
134 135 23
19 20 24
74 75 24
21 22 25
71 60 25
47 50 27
86 87 27
116 117 27
83 84 28
30 31 29
32 33 30
126 127 30
114 115 31
9 10 32
131 132 32
10 5 33
49 50 33
57 58 33
46 47 34
63 68 34
65 66 34
133 134 34
155 156 34
44 45 35
7 8 36
39 56 36
127 88 36
109 110 37
143 149 37
145 148 37
147 148 37
95 96 39
6 8 40
15 16 40
64 142 40
73 74 40
129 130 40
106 107 41
63 64 42
51 52 43
67 68 43
81 82 43
135 136 43
2 61 44
25 47 44
145 146 44
28 29 45
3 4 46
102 110 46
42 43 47
17 18 48
80 81 48
100 101 49
87 80 50
151 152 51
154 155 51
120 121 53
37 38 54
93 94 54
103 104 54
105 106 54
128 129 54
107 108 55
43 44 56
115 116 56
148 149 56
101 102 57
32 144 58
108 109 58
124 125 58
34 55 59
49 113 59
121 122 60
139 140 60
40 41 61
27 28 62
85 86 63
89 90 63
125 126 64
130 131 64
137 142 64
152 153 66
50 51 68
61 62 68
90 91 69
110 111 69
144 145 71
14 33 74
26 27 74
113 114 74
24 25 77
31 32 77
119 120 79
150 154 79
156 157 79
18 19 80
112 113 80
158 159 81
29 30 82
25 26 84
159 144 87
16 17 88
47 48 88
157 158 90
143 128 91
20 21 93
61 84 93
2 3 100
MST cost 6337 4 3
