0 8 33
0 20 100
0 25 28
0 40 73
0 43 74
0 56 87
0 58 86
0 60 69
0 68 69
0 88 81
0 103 2
0 126 52
0 136 12
0 138 15
0 158 43
0 159 35
0 184 18
0 199 55
0 205 1
0 217 90
0 218 92
0 244 25
0 249 42
0 266 8
0 271 36
0 276 75
0 289 30
0 290 87
0 297 19
0 299 32
0 305 100
0 323 44
0 343 95
0 360 98
0 368 90
0 376 98
0 381 81
0 387 93
0 393 14
0 405 20
0 406 96
0 415 71
0 416 91
0 429 69
0 435 22
0 442 62
0 444 66
1 2 42
2 3 36
2 13 68
3 4 82
3 15 84
4 5 72
4 289 32
5 6 96
6 7 27
6 21 4
7 8 26
8 9 1
9 10 41
9 19 54
10 11 80
11 12 65
12 13 29
12 15 89
13 14 75
14 15 47
15 16 40
16 17 24
17 18 49
17 346 99
17 411 88
17 485 34
18 19 53
18 333 88
19 20 20
20 21 57
20 279 1
20 426 5
21 1 69
21 339 55
21 485 46
22 23 52
23 24 31
23 485 51
24 25 50
25 26 96
26 27 59
27 28 28
28 29 70
29 30 79
30 31 63
31 32 46
32 33 36
33 34 28
34 35 97
35 36 69
36 37 73
37 38 34
38 39 83
39 40 4
40 41 86
41 42 46
42 43 55
43 44 77
44 45 4
45 46 35
46 47 70
47 48 79
48 49 9
49 50 48
50 51 97
51 52 92
52 53 26
52 485 83
53 54 52
54 55 86
55 56 78
55 485 24
56 57 69
56 485 12
57 58 47
58 59 70
59 60 18
59 246 94
59 485 3
60 61 70
61 62 59
62 63 51
63 64 19
63 126 22
64 65 44
65 66 88
66 67 29
66 485 51
67 68 70
68 69 40
69 70 64
70 71 9
71 72 17
72 73 54
73 74 43
74 75 44
75 76 56
76 77 99
77 78 75
78 79 62
79 80 45
80 81 90
81 82 20
82 83 50
83 84 35
83 304 18
84 85 70
85 86 3
85 485 29
86 87 35
87 88 84
87 485 34
88 89 9
88 96 57
89 90 22
90 91 24
90 485 26
91 92 84
92 93 45
93 94 74
94 95 40
94 417 74
95 96 89
96 97 67
97 98 77
98 99 15
99 100 64
100 101 5
101 102 38
102 103 46
103 104 45
104 105 35
105 106 30
106 107 91
107 108 13
108 109 58
109 110 24
110 111 97
111 112 86
112 113 47
113 114 53
114 115 72
115 116 70
116 117 28
117 118 100
118 119 75
119 120 36
120 121 37
121 122 77
122 123 78
123 124 52
123 437 64
123 448 27
124 125 50
125 126 19
126 127 54
127 128 58
128 129 88
129 130 28
130 131 5
131 132 80
132 133 93
132 485 51
133 134 81
134 135 39
135 136 62
136 22 76
137 138 25
137 159 94
137 364 40
138 139 86
139 140 64
140 141 33
140 152 64
140 163 1
141 142 4
142 143 65
143 144 22
144 145 91
145 146 42
146 147 28
146 485 45
147 148 50
148 149 71
149 150 80
150 151 56
150 160 70
150 174 79
151 152 25
151 157 92
151 167 16
151 174 73
152 153 29
152 179 17
153 154 94
154 155 71
155 156 76
156 157 3
157 158 77
157 159 69
157 174 92
158 159 90
158 341 42
158 485 34
159 160 27
159 162 94
160 161 22
160 168 64
161 162 56
161 313 20
162 163 28
162 485 100
163 164 47
164 165 6
165 166 53
166 167 41
167 168 22
168 169 58
168 315 73
169 170 14
170 171 4
170 177 80
171 172 7
171 444 58
172 173 73
172 176 13
173 174 6
173 177 66
174 175 87
175 176 29
176 177 75
177 178 67
177 485 1
178 179 97
179 137 73
180 181 68
180 260 1
181 182 63
182 183 31
183 184 27
183 439 72
184 185 2
185 186 50
186 187 15
187 188 24
188 189 61
189 190 79
190 191 19
190 207 8
191 192 49
191 485 42
192 193 91
193 194 43
194 195 99
195 196 14
196 197 6
197 198 69
197 485 13
198 199 3
199 200 89
199 237 16
200 201 59
200 485 78
201 202 50
202 203 23
203 204 37
204 205 20
205 206 84
205 485 76
206 207 9
207 208 72
208 209 50
209 210 75
209 485 74
210 211 57
211 212 73
212 213 72
212 485 44
213 214 17
214 215 96
215 216 14
216 217 81
217 218 62
218 219 97
219 220 5
220 221 62
221 222 3
222 223 78
223 224 63
223 485 6
224 225 60
224 373 28
225 226 68
226 227 23
227 228 84
228 229 79
229 230 79
230 231 63
231 232 85
232 233 42
233 234 84
234 235 67
235 236 57
236 237 41
237 238 87
238 239 87
239 240 56
240 241 22
241 242 27
242 243 26
243 244 75
243 259 89
243 485 2
244 245 47
244 258 93
245 246 69
246 247 92
247 248 1
248 249 81
249 250 63
250 251 45
251 252 88
252 253 85
253 254 16
253 481 7
254 255 98
255 256 15
255 485 65
256 257 31
257 258 81
258 259 16
259 260 27
260 261 75
260 485 55
261 262 14
262 263 100
263 264 55
264 265 24
265 266 75
266 267 63
267 268 95
268 269 15
268 325 69
269 270 87
269 485 76
270 271 3
271 272 66
272 273 36
272 298 16
273 274 6
274 275 52
275 276 59
276 277 51
277 278 1
278 180 86
279 280 100
280 281 12
281 282 89
282 283 88
283 284 42
284 285 11
285 286 42
286 287 28
287 288 24
287 374 68
288 289 77
289 290 99
289 485 28
290 291 84
291 292 44
292 293 27
292 309 77
293 294 45
294 295 45
294 381 62
295 296 60
295 346 71
296 297 55
296 485 8
297 298 89
297 485 47
298 299 77
299 300 8
300 301 56
301 302 20
302 303 15
303 304 6
304 305 10
305 306 48
306 307 65
307 308 46
307 485 59
308 309 41
308 477 25
309 310 47
310 311 77
311 312 61
312 313 12
313 314 33
314 315 77
315 316 38
316 317 48
317 318 29
318 319 90
319 320 99
320 321 91
321 322 77
322 323 85
323 324 23
323 393 68
324 325 74
324 485 98
325 326 34
326 279 45
327 328 37
327 332 3
327 352 6
328 329 41
329 330 98
330 331 78
331 332 7
331 357 72
331 436 67
332 333 95
332 338 9
333 334 22
334 335 93
335 336 52
336 337 61
337 338 8
337 485 90
338 339 22
339 340 99
339 431 100
340 341 25
341 342 74
342 327 58
343 344 63
343 357 49
344 345 94
345 346 6
346 347 37
346 365 84
347 348 4
347 435 74
348 349 30
349 350 9
349 397 36
350 351 48
351 352 64
352 353 62
353 354 89
354 355 24
355 356 94
356 357 74
356 358 50
357 358 2
358 359 27
358 485 84
359 360 10
360 361 98
360 431 79
361 362 63
362 363 17
363 364 79
363 431 80
364 365 14
365 366 27
365 485 3
366 367 97
367 343 80
367 485 5
368 369 43
369 370 68
370 371 24
370 485 16
371 372 6
372 373 100
373 374 82
374 375 76
375 376 77
375 406 45
375 483 50
376 377 7
377 378 95
378 379 75
379 380 27
380 381 66
381 382 26
382 383 26
383 384 7
383 402 38
383 485 10
384 385 63
385 386 62
386 387 14
386 418 53
387 388 4
388 389 42
389 390 98
390 391 36
390 485 2
391 392 85
392 393 82
393 394 84
394 395 61
395 396 74
396 397 1
396 400 60
397 398 23
398 399 70
399 400 47
400 401 30
401 402 95
402 403 29
403 404 96
404 405 33
405 406 83
406 407 61
406 485 1
407 408 60
407 485 60
408 409 93
408 423 99
409 410 2
410 411 100
411 412 20
412 413 44
413 414 42
414 415 27
415 416 34
415 485 97
416 417 52
417 418 44
418 419 78
419 420 24
420 421 30
421 422 77
422 423 68
423 424 4
424 425 55
425 426 11
426 427 64
427 428 56
428 429 63
428 431 87
428 485 17
429 430 21
429 485 11
430 368 81
431 432 24
432 433 86
432 438 1
433 434 61
433 435 96
433 436 38
434 435 94
435 436 68
435 485 83
436 437 29
437 438 2
438 431 46
439 440 64
440 441 21
441 442 59
442 443 52
442 472 22
443 444 2
444 445 29
445 446 28
446 447 75
447 448 53
448 449 73
449 450 95
449 485 94
450 451 92
451 452 10
452 453 54
453 454 67
454 455 89
455 456 44
456 457 67
457 458 8
458 459 79
459 460 19
460 461 18
461 462 55
462 463 9
463 464 28
464 465 95
465 466 90
466 467 61
467 468 42
468 469 65
469 470 75
470 471 57
471 472 15
471 485 27
472 473 67
473 474 16
474 475 24
474 485 77
475 476 21
476 477 56
477 478 38
478 479 17
479 480 89
480 481 33
481 482 95
482 483 57
483 484 96
484 439 69
484 485 57
