0 6 51
0 67 33
0 68 2
0 86 76
0 103 57
0 150 80
0 160 68
0 173 99
0 189 35
0 197 53
0 210 51
0 214 17
0 221 58
0 265 56
0 276 68
0 329 21
0 384 26
0 404 13
0 451 30
0 508 19
0 520 37
0 522 31
0 529 49
0 543 16
0 597 17
0 605 35
0 610 11
0 647 4
0 676 61
0 695 39
0 715 88
0 741 8
0 762 30
0 818 65
0 821 68
0 860 62
0 865 56
0 891 55
0 956 64
0 966 78
0 1073 51
0 1083 79
0 1102 33
0 1131 18
0 1158 3
0 1187 39
0 1219 50
0 1262 82
0 1318 17
0 1336 87
0 1343 97
0 1363 33
0 1386 1
0 1394 45
0 1410 9
0 1417 58
0 1433 48
0 1468 26
0 1484 83
0 1495 68
0 1512 38
0 1639 49
0 1658 41
0 1663 47
0 1688 77
0 1697 11
0 1702 22
0 1712 10
0 1717 53
0 1721 38
0 1748 18
0 1754 98
0 1756 95
0 1760 42
0 1778 93
0 1783 20
0 1799 42
0 1831 25
0 1864 22
0 1896 9
0 1901 38
0 1910 44
0 1921 57
0 1964 42
0 2021 7
0 2032 23
0 2038 92
0 2049 75
0 2139 53
0 2158 78
0 2183 87
0 2198 51
0 2249 32
0 2399 63
0 2413 73
0 2473 14
0 2509 100
1 2 49
1 10 59
1 327 75
2 3 69
2 6 6
2 12 48
2 13 8
2 14 38
3 4 41
3 10 14
3 22 22
4 5 99
4 10 26
4 17 32
4 22 61
5 6 29
5 8 64
5 18 72
5 20 62
6 7 50
7 8 84
7 10 6
7 12 3
7 13 33
7 19 64
7 22 13
7 2511 30
8 9 43
8 11 31
8 15 55
9 10 47
9 501 51
10 11 16
10 12 86
10 14 51
10 16 69
10 19 7
11 12 28
11 13 26
11 21 84
11 23 99
12 13 24
12 14 52
12 15 28
12 21 95
12 22 75
13 14 40
13 19 53
13 20 55
14 15 61
14 572 74
15 16 81
16 17 14
17 18 66
17 22 8
18 19 73
19 20 58
19 23 67
20 21 49
20 23 2
21 22 89
21 471 67
22 23 58
23 1 10
24 25 67
25 26 88
25 2511 27
26 27 58
27 28 85
27 2511 90
28 29 55
29 30 44
30 31 75
30 1737 22
31 32 1
31 42 75
32 33 28
33 34 81
34 35 50
35 36 86
35 70 75
36 37 27
37 38 70
38 39 33
39 40 17
40 41 14
41 42 80
41 2511 47
42 43 86
43 44 31
44 45 49
44 62 64
45 46 8
45 57 23
46 47 73
47 48 33
48 49 96
49 50 55
49 2171 67
50 51 99
51 52 66
52 53 74
53 54 4
53 2511 50
54 55 60
55 56 46
55 62 45
56 57 65
57 58 36
57 2438 22
58 59 56
59 60 48
60 61 76
61 62 72
62 63 95
63 64 34
64 65 70
65 66 45
66 67 10
67 68 53
68 69 92
69 70 75
70 71 18
71 72 59
72 73 85
73 24 93
74 75 63
74 106 52
75 76 33
76 77 61
76 119 70
77 78 57
77 119 21
77 124 49
78 79 41
78 106 5
78 109 41
79 80 1
79 92 70
79 125 51
80 81 1
81 82 8
81 115 17
82 83 36
82 109 83
82 138 68
83 84 34
83 1897 93
84 85 33
84 120 16
84 132 64
85 86 93
85 92 59
85 105 26
85 117 17
85 145 15
86 87 58
87 88 63
87 141 17
88 89 82
88 96 7
88 98 17
88 100 5
88 137 89
89 90 98
89 114 53
89 122 43
90 91 66
90 99 98
90 115 73
90 141 35
91 92 7
91 98 21
91 125 85
92 93 30
92 126 62
92 132 21
93 94 5
93 109 67
93 117 3
93 128 25
93 141 95
94 95 53
94 136 99
95 96 31
95 2511 66
96 97 99
97 98 76
97 126 45
97 148 12
98 99 31
98 111 94
98 121 100
98 133 80
99 100 94
99 101 60
99 132 74
100 101 37
100 109 39
100 127 80
101 102 35
101 113 20
101 147 77
102 103 23
103 104 80
104 105 50
104 139 36
105 106 66
105 114 52
106 107 68
107 108 56
107 123 85
108 109 13
108 137 73
108 140 66
109 110 82
109 123 81
109 134 42
110 111 98
111 112 31
111 127 8
111 137 87
112 113 89
112 125 2
112 126 88
112 127 26
113 114 13
114 115 10
114 119 64
114 132 70
115 116 75
115 145 84
115 148 69
116 117 30
117 118 79
117 134 43
118 119 57
118 145 36
119 120 79
119 1507 64
120 121 55
120 141 32
120 146 98
121 122 42
121 125 35
121 130 100
121 138 24
122 123 55
122 129 71
122 141 92
122 1595 30
123 124 61
123 131 55
124 125 39
125 126 89
126 127 5
126 133 28
126 144 27
127 128 2
128 129 77
128 2511 43
129 130 8
129 2511 82
130 131 61
131 132 100
131 139 2
132 133 77
133 134 32
133 137 63
134 135 55
135 136 44
136 137 46
136 2511 96
137 138 32
137 145 18
138 139 47
139 140 81
140 141 62
141 142 48
141 145 81
142 143 84
142 2431 22
143 144 89
143 146 12
144 145 54
144 1624 94
145 146 1
146 147 66
147 148 15
148 74 39
149 150 82
149 160 63
149 161 100
150 151 91
151 152 80
151 161 88
152 153 11
152 155 18
153 154 64
153 157 89
154 155 38
155 156 53
155 157 38
155 159 57
155 162 9
156 157 19
156 344 9
156 1778 77
157 158 71
157 161 19
158 159 91
159 160 60
160 161 87
161 162 49
161 1061 50
162 163 74
163 149 12
164 165 95
164 208 63
164 265 74
165 166 41
166 167 55
167 168 68
168 169 44
168 293 85
169 170 15
169 196 19
169 971 39
170 171 38
170 174 99
170 195 55
171 172 34
172 173 13
173 174 19
173 209 2
174 175 98
174 201 7
175 176 81
176 177 10
177 178 7
178 179 39
178 188 86
179 180 28
179 227 12
179 251 72
180 181 11
180 215 20
181 182 53
182 183 16
183 184 43
183 283 69
184 185 57
184 199 46
184 222 16
184 287 35
185 186 39
186 187 27
187 188 100
188 189 69
188 195 87
189 190 23
189 233 28
190 191 48
190 2511 57
191 192 31
191 263 68
191 1865 65
192 193 100
192 197 90
192 268 9
193 194 34
193 265 6
194 195 70
195 196 22
195 243 1
195 290 60
196 197 18
197 198 13
197 243 48
198 199 52
198 265 71
199 200 18
200 201 91
201 202 77
202 203 99
203 204 82
204 205 96
204 219 62
204 287 72
205 206 31
206 207 98
207 208 81
207 268 12
208 209 19
209 210 94
210 211 5
210 253 90
211 212 61
212 213 53
212 261 18
213 214 70
214 215 56
215 216 41
215 243 16
216 217 36
217 218 92
217 291 7
218 219 63
218 220 72
219 220 20
220 221 34
220 2511 15
221 222 39
222 223 83
223 224 17
224 225 27
224 258 84
224 2511 33
225 226 2
225 281 34
225 294 53
226 227 62
226 2511 63
227 228 6
227 279 25
227 2511 72
228 229 7
228 236 23
229 230 64
229 263 57
229 2511 84
230 231 25
231 232 72
231 234 84
231 249 50
231 287 83
232 233 84
232 236 90
232 286 12
233 234 94
233 287 85
234 235 83
235 236 21
236 237 90
237 238 7
238 239 35
239 240 45
240 241 77
241 242 91
242 243 4
243 244 77
244 245 53
245 246 81
246 247 28
246 2511 40
247 248 40
248 249 26
249 250 19
250 251 24
250 298 19
251 252 62
252 253 39
253 254 18
254 255 74
255 256 67
255 2511 3
256 257 30
257 258 26
257 297 85
258 259 58
258 279 20
259 260 30
260 261 65
261 262 33
261 280 97
262 263 45
263 264 86
264 265 98
265 266 46
265 267 37
266 267 62
267 268 86
268 269 10
269 270 65
269 289 18
270 271 95
271 272 57
272 273 52
273 274 4
274 275 88
275 276 72
275 280 67
276 277 86
277 278 35
277 2511 21
278 279 1
279 280 86
280 281 80
281 282 37
282 283 82
283 284 16
284 285 18
285 286 2
286 287 17
287 288 63
288 289 87
289 290 33
290 291 91
291 292 47
292 293 81
293 294 62
294 295 67
295 296 95
296 297 18
297 298 68
298 299 16
299 164 22
311 312 86
311 317 88
311 322 48
311 324 62
311 330 76
312 313 58
312 314 82
312 315 78
312 317 78
312 320 75
312 321 68
312 326 40
313 314 98
313 317 82
313 319 50
313 327 74
313 328 16
313 329 4
314 315 64
314 316 15
314 320 8
314 327 69
314 332 95
314 483 77
314 2191 1
315 316 36
315 318 83
315 327 54
315 328 38
315 329 24
315 331 72
316 317 15
316 324 5
316 327 2
316 330 34
316 331 69
316 332 83
317 318 55
317 321 41
317 326 2
318 319 29
318 321 100
318 328 7
319 320 86
319 326 91
320 321 68
320 325 81
321 322 21
321 327 39
321 331 21
322 323 63
322 326 55
322 328 99
322 330 76
323 324 69
323 327 17
323 331 23
323 332 87
324 325 61
324 326 39
325 326 63
325 330 56
326 327 92
327 328 61
327 330 34
328 329 26
328 331 15
329 330 74
329 331 2
330 331 8
331 332 3
332 311 81
333 334 33
333 335 30
333 336 29
333 337 42
333 338 76
333 344 51
334 335 2
334 336 36
334 341 51
334 344 82
334 347 47
335 336 2
335 337 48
335 339 66
335 343 90
335 344 60
336 337 53
336 338 82
336 339 24
336 341 87
336 343 45
336 344 96
336 345 82
336 347 68
337 338 51
337 339 14
337 344 35
337 346 100
337 582 79
338 339 18
338 340 45
338 343 33
339 340 32
339 342 47
339 345 83
339 347 94
340 341 89
340 343 76
340 346 45
340 2071 49
340 2511 98
341 342 83
341 345 49
341 346 46
341 2511 7
342 343 74
342 347 72
342 1778 63
343 344 16
343 345 60
343 1529 22
343 2216 6
343 2423 16
344 345 95
344 346 87
345 346 89
345 347 59
346 347 24
347 333 24
359 360 23
360 361 53
360 423 4
361 362 26
362 363 33
363 364 28
364 365 90
364 2511 29
365 366 41
366 367 37
366 417 18
367 368 68
368 369 65
368 2511 55
369 370 72
370 371 47
371 372 67
371 392 29
371 449 1
372 373 7
373 374 84
374 375 39
375 376 82
376 377 81
377 378 22
378 379 72
379 380 60
380 381 46
380 452 85
381 382 81
382 383 24
383 384 37
384 385 88
385 386 53
385 2511 78
386 387 27
387 388 19
388 389 35
389 390 48
390 391 95
391 392 22
392 393 11
393 394 75
394 395 44
395 396 82
396 397 97
397 398 89
398 399 46
398 415 77
399 400 83
400 401 6
400 2511 7
401 402 71
401 1971 40
402 403 25
403 404 3
403 2511 32
404 405 4
405 406 58
406 407 43
407 408 6
408 409 83
409 410 6
410 411 15
411 412 58
411 423 1
412 413 89
413 414 85
414 415 23
415 416 34
416 417 24
417 418 4
418 419 95
419 420 81
420 421 27
421 422 32
421 2511 10
422 423 68
423 424 72
424 425 61
425 426 82
426 427 99
427 428 23
428 429 21
428 2511 97
429 430 16
430 431 46
431 432 76
432 433 6
433 434 9
434 435 25
435 436 89
436 437 6
437 438 21
438 439 41
438 1233 32
439 440 94
440 441 96
441 442 23
442 443 7
443 444 80
444 445 73
445 446 3
446 447 38
447 448 83
448 449 61
449 450 29
450 451 28
451 452 94
452 453 9
453 454 7
454 359 78
455 456 77
455 469 95
456 457 36
456 460 27
456 465 2
456 467 60
457 458 79
457 473 90
458 459 68
459 460 32
459 462 27
459 471 92
459 472 86
460 461 24
460 471 13
460 474 63
460 507 58
461 462 100
461 464 52
461 468 54
461 1115 5
462 463 66
463 464 95
463 474 50
464 465 12
464 466 4
464 471 55
465 466 12
466 467 27
466 485 21
467 468 88
467 470 21
468 469 44
469 470 5
470 471 94
470 1134 17
471 472 26
472 473 35
473 474 63
473 475 47
474 475 3
474 2511 59
475 476 95
476 477 33
477 455 33
478 479 50
478 480 93
479 480 65
480 481 28
480 499 7
481 482 18
481 488 78
482 483 6
482 489 28
483 484 76
484 485 52
485 486 66
486 487 67
487 488 99
488 489 13
488 500 85
489 490 32
489 2412 62
490 491 39
490 496 6
491 492 69
491 494 56
491 496 32
492 493 69
493 494 89
494 495 15
495 496 6
496 497 25
496 501 97
497 498 65
498 499 16
499 500 39
500 501 43
500 1786 15
501 478 81
502 503 51
502 513 33
502 531 39
502 538 46
502 553 85
503 504 54
504 505 38
504 527 49
505 506 31
505 512 85
505 534 68
505 550 72
506 507 99
506 543 78
507 508 5
507 545 72
508 509 79
508 511 56
508 551 15
509 510 78
510 511 31
510 520 17
510 534 41
510 537 88
510 554 35
511 512 35
511 520 72
511 528 62
511 551 60
512 513 17
512 528 74
512 538 29
513 514 19
513 550 4
514 515 80
514 521 78
514 541 77
515 516 74
515 532 7
516 517 7
516 524 58
516 528 96
517 518 21
517 538 86
517 544 9
518 519 13
518 530 10
519 520 45
519 537 62
519 544 44
520 521 76
520 522 50
520 526 24
520 536 59
521 522 46
521 524 86
521 526 28
521 533 100
521 545 55
522 523 72
522 528 4
523 524 30
524 525 91
524 550 44
524 772 52
525 526 25
525 548 90
526 527 34
526 538 45
527 528 32
527 531 58
527 2169 22
528 529 27
528 536 61
529 530 21
529 544 80
529 552 71
530 531 39
530 541 38
531 532 97
531 550 83
532 533 17
533 534 20
533 546 23
534 535 89
535 536 67
535 542 25
536 537 76
537 538 94
538 539 7
539 540 49
539 550 26
540 541 41
541 542 49
541 551 99
542 543 99
543 544 25
543 548 99
544 545 20
544 548 98
545 546 53
545 550 100
546 547 52
547 548 97
548 549 53
548 2511 18
549 550 41
550 551 16
551 552 7
552 553 35
553 554 38
554 555 100
555 502 27
556 557 79
556 559 1
556 566 78
556 586 65
557 558 72
557 562 1
557 588 43
558 559 70
559 560 19
559 581 98
560 561 6
560 571 93
560 584 81
561 562 86
561 579 95
562 563 65
563 564 25
563 570 80
563 580 14
563 582 43
564 565 92
564 583 52
565 566 6
566 567 42
566 568 45
567 568 48
567 2004 46
568 569 75
569 570 78
569 572 17
569 574 11
569 2511 76
570 571 89
570 584 42
570 586 1
571 572 47
572 573 9
572 574 36
573 574 31
573 575 23
573 583 26
573 586 71
574 575 16
574 585 38
575 576 32
575 583 88
576 577 68
576 581 82
577 578 100
578 579 100
578 588 13
579 580 81
579 583 91
579 584 45
580 581 34
581 582 83
582 583 55
582 1336 88
583 584 90
583 735 82
584 585 50
585 586 77
585 589 7
585 2200 9
586 587 53
587 588 6
588 589 76
589 590 77
590 556 49
591 592 55
592 593 19
593 594 36
593 687 35
594 595 75
594 658 78
595 596 2
595 2236 96
596 597 44
597 598 45
598 599 100
599 600 87
599 634 3
600 601 12
600 609 43
601 602 85
602 603 17
603 604 73
604 605 26
604 642 12
605 606 36
606 607 43
607 608 49
607 630 86
608 609 43
609 610 42
609 659 92
610 611 2
611 612 54
612 613 9
613 614 64
614 615 70
615 616 13
616 617 7
617 618 37
618 619 28
619 620 100
620 621 88
621 622 14
622 623 93
623 624 5
624 625 55
625 626 14
626 627 68
627 628 9
628 629 15
629 630 17
630 631 59
631 632 87
631 702 71
632 633 67
633 634 21
634 635 77
635 636 40
636 637 90
637 638 79
638 639 89
638 691 78
639 640 21
640 641 92
641 642 23
642 643 57
642 2346 56
643 644 93
643 703 69
644 645 67
645 646 41
646 647 23
647 648 84
648 649 82
649 650 33
649 706 93
650 651 31
650 706 9
651 652 37
652 653 2
652 903 3
653 654 64
654 655 84
655 656 81
655 679 17
656 657 79
656 677 79
657 658 55
658 659 13
658 696 29
659 660 64
660 661 59
661 662 53
661 702 43
662 663 79
663 664 91
664 665 34
665 666 97
666 667 40
667 668 33
668 669 1
669 670 34
670 671 84
671 672 15
672 673 66
672 691 47
672 1865 10
673 674 15
674 675 53
675 676 68
676 677 20
677 678 36
678 679 11
678 700 35
679 680 21
680 681 2
681 682 83
682 683 38
683 684 44
684 685 9
685 686 75
686 687 49
687 688 67
688 689 20
689 690 92
690 691 43
690 2511 54
691 692 4
691 2511 20
692 693 29
693 694 76
694 695 62
695 696 90
695 2316 59
696 697 68
697 698 75
698 699 31
699 700 34
700 701 97
701 702 57
702 703 6
703 704 42
704 705 25
705 706 46
706 591 50
707 708 66
707 731 47
708 709 64
708 717 27
708 725 59
709 710 68
709 720 57
710 711 16
710 713 84
711 712 18
712 713 15
712 726 80
713 714 78
714 715 93
714 739 14
715 716 40
715 727 59
716 717 59
716 723 38
717 718 74
717 720 86
717 1946 84
718 719 100
718 721 45
718 733 22
719 720 20
719 724 82
720 721 65
721 722 89
721 727 56
722 723 17
722 726 92
723 724 10
723 736 36
724 725 24
724 734 48
725 726 57
725 737 14
725 1471 88
726 727 83
727 728 34
728 729 37
729 730 28
730 731 51
731 732 99
732 733 20
733 734 97
734 735 22
735 736 76
736 737 66
737 738 63
737 742 4
738 739 3
739 740 97
740 741 84
741 742 25
741 2511 42
742 707 21
743 744 78
743 764 16
744 745 36
744 754 20
745 746 77
745 773 18
745 800 38
746 747 58
747 748 83
747 769 2
747 2511 80
748 749 39
748 777 47
748 790 49
749 750 3
750 751 77
750 773 46
751 752 15
751 794 63
752 753 99
752 756 25
752 767 69
752 773 80
753 754 82
754 755 65
755 756 10
755 777 63
756 757 92
756 773 3
757 758 100
757 768 76
758 759 43
758 768 64
758 792 19
759 760 28
760 761 57
760 764 22
761 762 100
761 776 38
761 2511 13
762 763 44
763 764 16
764 765 87
765 766 51
766 767 16
767 768 74
767 796 77
767 1105 77
768 769 73
769 770 63
769 771 90
770 771 91
770 773 100
770 776 24
771 772 68
772 773 14
773 774 19
773 781 87
774 775 1
775 776 49
776 777 15
776 785 63
777 778 17
778 779 80
779 780 78
780 781 19
780 796 60
781 782 98
782 783 96
782 799 53
783 784 30
783 798 84
784 785 13
785 786 7
785 787 34
786 787 95
787 788 7
788 789 21
789 790 96
790 791 90
791 792 81
791 793 7
792 793 66
792 798 85
793 794 69
794 795 45
795 796 50
796 797 74
797 798 32
798 799 78
799 800 27
800 801 41
801 743 83
802 803 49
803 804 40
803 840 50
804 805 15
805 806 14
805 855 43
806 807 70
807 808 64
808 809 62
808 816 10
809 810 90
810 811 4
811 812 86
812 813 16
812 825 19
812 829 20
813 814 34
813 840 84
814 815 42
814 840 30
815 816 49
816 817 2
816 1461 95
817 818 59
818 819 52
819 820 22
819 870 97
820 821 88
821 822 39
822 823 5
822 827 30
823 824 62
824 825 28
825 826 44
826 827 45
827 828 82
828 829 49
829 830 24
829 2511 25
830 831 92
831 832 74
832 833 18
832 867 95
833 834 69
833 861 86
833 2084 89
834 835 70
835 836 45
836 837 58
837 838 40
837 848 68
838 839 33
839 840 97
840 841 50
841 842 46
842 843 14
842 1625 39
843 844 74
843 856 39
844 845 21
845 846 2
846 847 82
847 848 26
848 849 85
849 850 79
849 856 61
850 851 44
850 2419 91
851 852 32
852 853 43
853 854 95
854 855 83
855 856 79
856 857 30
857 858 45
858 859 40
859 860 28
860 861 54
861 862 7
862 863 54
863 864 37
864 865 38
865 866 20
866 867 57
867 868 12
868 869 52
869 870 62
870 871 32
871 872 91
872 873 78
873 874 10
874 875 38
874 2511 72
875 802 65
876 877 39
876 935 9
877 878 20
878 879 84
878 885 10
878 1043 37
879 880 11
880 881 34
881 882 28
882 883 17
883 884 38
883 949 52
884 885 17
884 927 77
884 979 6
884 2511 29
885 886 30
886 887 88
887 888 63
888 889 4
888 978 59
889 890 2
889 2511 57
890 891 24
891 892 1
892 893 74
893 894 91
893 920 7
894 895 60
894 916 59
895 896 8
895 926 23
895 976 53
896 897 90
897 898 55
897 1019 76
898 899 51
898 917 45
899 900 75
900 901 61
900 937 27
900 961 37
901 902 99
902 903 13
903 904 65
904 905 4
905 906 64
906 907 22
906 915 78
907 908 12
908 909 40
909 910 52
910 911 47
910 979 96
911 912 28
912 913 100
912 970 61
913 914 25
914 915 10
915 916 45
916 917 55
917 918 10
918 919 30
918 2511 46
919 920 93
920 921 30
921 922 67
922 923 45
922 1028 57
923 924 21
924 925 2
925 926 37
926 927 74
927 928 82
928 929 19
929 930 52
930 931 73
931 932 52
932 933 1
933 934 56
933 1008 13
934 935 85
935 936 19
936 937 66
937 938 76
938 939 70
939 940 96
940 941 15
941 942 17
942 943 49
943 944 67
944 945 29
945 946 91
945 2511 90
946 947 73
947 948 99
948 949 25
949 950 32
950 951 29
951 952 37
952 953 57
953 954 13
954 955 85
954 1015 41
955 956 13
956 957 96
957 958 97
958 959 93
959 960 43
960 961 33
961 962 23
961 2511 69
962 963 96
963 964 86
964 965 30
965 966 28
965 2511 98
966 967 79
967 968 10
968 969 74
969 970 47
970 971 66
971 972 80
972 973 67
973 974 72
974 975 74
975 976 39
975 983 36
976 977 52
976 985 30
976 1015 17
977 978 72
978 979 21
979 980 100
980 981 7
981 982 97
982 983 90
983 984 11
984 985 54
985 986 7
986 987 19
987 988 64
988 989 4
989 990 98
990 991 30
991 992 95
992 993 44
993 994 43
994 995 4
995 996 29
996 997 68
997 998 48
998 999 86
999 1000 51
1000 1001 36
1001 1002 3
1002 1003 37
1003 1004 55
1003 2511 75
1004 1005 17
1005 1006 87
1006 1007 89
1007 1008 15
1008 1009 47
1009 1010 89
1010 1011 83
1011 1012 37
1011 1042 16
1012 1013 45
1012 1026 91
1013 1014 39
1014 1015 66
1015 1016 39
1016 1017 36
1017 1018 50
1018 1019 75
1019 1020 82
1020 1021 18
1021 1022 72
1022 1023 11
1023 1024 90
1024 1025 60
1025 1026 64
1026 1027 83
1027 1028 30
1028 1029 78
1028 2511 1
1029 1030 61
1030 1031 6
1031 1032 49
1032 1033 9
1033 1034 69
1034 1035 67
1035 1036 26
1036 1037 2
1037 1038 73
1038 1039 56
1039 1040 68
1040 1041 97
1041 1042 27
1042 1043 66
1043 1044 53
1044 1045 20
1044 2087 83
1045 1046 6
1046 1047 22
1047 1048 30
1048 1049 50
1049 876 77
1059 1060 54
1059 1063 88
1059 1064 79
1059 1066 4
1060 1061 11
1060 1062 72
1060 1069 91
1061 1062 43
1061 1064 83
1061 1065 62
1061 1067 72
1061 1068 10
1061 1069 39
1061 2330 78
1062 1063 16
1062 1064 81
1062 1068 83
1063 1064 24
1063 2191 21
1063 2511 67
1064 1065 87
1064 1070 17
1065 1066 7
1066 1067 15
1066 1068 95
1067 1068 64
1067 1925 30
1068 1069 33
1068 1070 78
1069 1070 91
1070 1059 60
1070 1492 54
1071 1072 99
1072 1073 91
1073 1074 88
1073 1085 76
1074 1075 79
1074 1086 53
1074 1116 52
1075 1076 70
1076 1077 45
1076 1118 54
1077 1078 46
1078 1079 39
1079 1080 68
1079 1122 93
1080 1081 79
1081 1082 68
1082 1083 55
1083 1084 54
1083 2511 39
1084 1085 87
1085 1086 75
1086 1087 70
1086 1104 36
1086 2387 27
1087 1088 8
1088 1089 99
1088 2511 25
1089 1090 50
1089 1109 50
1090 1091 79
1091 1092 18
1092 1093 61
1093 1094 4
1093 2511 63
1094 1095 34
1095 1096 47
1096 1097 86
1096 1275 44
1097 1098 67
1098 1099 73
1099 1100 61
1099 1105 81
1100 1101 10
1101 1102 21
1101 1128 97
1102 1103 94
1102 1123 61
1102 1125 57
1103 1104 85
1104 1105 69
1105 1106 56
1106 1107 11
1106 1129 88
1107 1108 40
1108 1109 98
1109 1110 28
1109 1124 85
1110 1111 96
1111 1112 59
1112 1113 1
1113 1114 56
1114 1115 15
1115 1116 39
1116 1117 55
1117 1118 28
1118 1119 86
1119 1120 100
1120 1121 16
1121 1122 40
1122 1123 35
1123 1124 64
1124 1125 51
1125 1126 19
1126 1127 75
1127 1128 36
1128 1129 95
1129 1071 69
1130 1131 79
1130 1133 44
1131 1132 47
1131 1134 71
1132 1133 41
1132 1910 68
1133 1134 31
1134 1135 88
1134 2408 87
1135 1130 82
1147 1148 24
1148 1149 57
1149 1150 95
1150 1151 34
1150 1187 52
1151 1152 20
1152 1153 34
1153 1154 55
1154 1155 75
1154 1186 84
1155 1156 30
1155 1196 38
1156 1157 53
1156 1179 48
1156 1187 36
1156 1196 90
1157 1158 4
1157 1206 25
1158 1159 69
1159 1160 28
1159 1197 53
1160 1161 86
1160 1194 15
1161 1162 62
1162 1163 25
1163 1164 5
1164 1165 3
1165 1166 78
1166 1167 52
1167 1168 72
1168 1169 67
1169 1170 91
1170 1171 85
1170 2275 40
1171 1172 12
1171 1186 42
1172 1173 47
1173 1174 66
1173 1183 18
1174 1175 92
1174 1180 71
1174 1181 91
1174 1183 38
1175 1176 36
1176 1177 34
1177 1178 67
1178 1179 70
1179 1180 36
1180 1181 27
1181 1182 46
1182 1183 21
1183 1184 11
1183 2360 21
1184 1185 44
1184 1209 31
1185 1186 85
1186 1187 74
1186 1755 69
1187 1188 51
1187 1192 57
1188 1189 41
1189 1190 51
1190 1191 100
1190 1205 95
1191 1192 29
1192 1193 59
1193 1194 72
1194 1195 38
1195 1196 54
1196 1197 36
1197 1198 14
1198 1199 78
1199 1200 27
1200 1201 96
1201 1202 62
1201 2111 78
1202 1203 80
1202 1991 95
1203 1204 55
1204 1205 90
1205 1206 29
1206 1207 81
1207 1208 31
1208 1209 69
1209 1210 31
1210 1147 30
1211 1212 2
1212 1213 93
1212 1221 68
1212 1223 77
1212 1226 60
1213 1214 41
1213 1215 81
1213 1221 54
1214 1215 3
1214 1222 97
1214 1227 5
1215 1216 20
1215 1217 14
1216 1217 35
1216 1221 16
1216 1225 20
1216 2511 86
1217 1218 26
1217 1221 90
1217 1782 19
1218 1219 97
1218 1220 56
1218 1222 20
1218 1223 40
1218 1225 97
1219 1220 54
1219 1222 92
1220 1221 21
1220 1226 5
1220 1422 82
1221 1222 63
1221 1226 41
1221 1227 40
1222 1223 19
1222 1226 8
1223 1224 27
1223 1225 53
1224 1225 36
1225 1226 85
1226 1227 70
1227 1211 50
1228 1229 16
1228 1244 15
1229 1230 3
1230 1231 43
1231 1232 19
1232 1233 28
1233 1234 77
1233 2511 99
1234 1235 36
1235 1236 47
1236 1237 70
1236 1271 3
1237 1238 75
1237 1243 62
1237 1356 53
1238 1239 40
1239 1240 41
1239 1264 79
1239 1291 87
1240 1241 25
1241 1242 60
1242 1243 12
1243 1244 16
1244 1245 6
1245 1246 40
1246 1247 73
1247 1248 96
1248 1249 86
1249 1250 84
1250 1251 32
1250 1270 40
1250 2511 51
1251 1252 87
1252 1253 69
1252 2511 64
1253 1254 94
1254 1255 18
1254 1271 70
1255 1256 6
1255 1309 62
1256 1257 72
1256 1289 93
1257 1258 19
1258 1259 52
1259 1260 22
1259 1282 82
1260 1261 47
1260 1311 46
1261 1262 43
1261 1273 24
1261 1281 16
1262 1263 55
1263 1264 67
1264 1265 58
1265 1266 97
1265 1273 55
1265 1292 14
1266 1267 98
1266 2511 28
1267 1268 76
1268 1269 75
1268 1421 24
1269 1270 95
1269 1304 62
1270 1271 15
1270 2511 94
1271 1272 30
1271 1292 89
1272 1273 71
1273 1274 64
1273 1281 43
1273 1296 89
1273 2511 12
1274 1275 95
1275 1276 68
1276 1277 91
1277 1278 40
1278 1279 46
1279 1280 79
1280 1281 99
1280 1285 72
1281 1282 49
1282 1283 87
1282 2511 70
1283 1284 9
1284 1285 53
1285 1286 92
1286 1287 60
1287 1288 42
1288 1289 47
1289 1290 36
1290 1291 3
1291 1292 1
1292 1293 95
1293 1294 61
1294 1295 94
1294 1313 97
1295 1296 62
1296 1297 62
1297 1298 55
1297 1313 54
1298 1299 74
1299 1300 30
1300 1301 8
1301 1302 44
1302 1303 46
1303 1304 11
1304 1305 21
1305 1306 61
1306 1307 73
1306 2511 51
1307 1308 38
1308 1309 37
1309 1310 58
1310 1311 31
1311 1312 9
1311 2197 87
1312 1313 32
1313 1314 69
1314 1315 87
1315 1316 96
1316 1317 70
1317 1318 40
1318 1319 4
1319 1320 93
1320 1321 58
1321 1228 87
1322 1323 76
1323 1324 70
1324 1325 16
1325 1326 92
1326 1327 5
1326 1381 36
1326 1390 50
1327 1328 83
1327 1361 56
1327 1379 75
1327 1389 71
1327 1414 22
1327 2498 76
1328 1329 97
1329 1330 14
1330 1331 41
1331 1332 48
1332 1333 60
1333 1334 34
1334 1335 90
1334 1356 75
1334 1379 61
1335 1336 74
1335 1355 16
1335 1662 42
1336 1337 84
1337 1338 39
1338 1339 50
1338 1360 84
1339 1340 86
1340 1341 44
1341 1342 84
1341 1355 70
1342 1343 23
1343 1344 18
1344 1345 27
1344 1382 94
1344 1387 25
1344 1392 72
1345 1346 60
1346 1347 29
1346 1362 32
1347 1348 14
1347 1901 38
1348 1349 70
1349 1350 55
1350 1351 57
1350 1389 82
1351 1352 2
1351 1396 38
1351 2511 18
1352 1353 81
1353 1354 58
1354 1355 1
1355 1356 78
1355 1408 13
1356 1357 15
1357 1358 42
1357 1384 45
1358 1359 80
1358 1410 37
1359 1360 36
1359 1368 68
1360 1361 43
1361 1362 74
1361 1381 34
1362 1363 10
1363 1364 19
1364 1365 79
1365 1366 39
1366 1367 51
1367 1368 15
1367 1409 19
1368 1369 23
1369 1370 43
1370 1371 88
1371 1372 87
1372 1373 16
1373 1374 38
1374 1375 34
1375 1376 52
1376 1377 70
1377 1378 54
1378 1379 42
1379 1380 51
1380 1381 53
1381 1382 34
1382 1383 22
1383 1384 35
1383 1404 49
1384 1385 94
1385 1386 96
1386 1387 37
1387 1388 58
1387 1411 27
1388 1389 76
1389 1390 87
1390 1391 9
1391 1392 13
1391 1410 30
1392 1393 24
1393 1394 50
1394 1395 67
1395 1396 74
1396 1397 48
1397 1398 78
1398 1399 98
1399 1400 34
1400 1401 2
1401 1402 41
1401 1410 54
1402 1403 75
1403 1404 93
1404 1405 20
1405 1406 81
1406 1407 83
1407 1408 54
1408 1409 46
1408 1414 55
1409 1410 8
1409 2511 63
1410 1411 26
1411 1412 16
1412 1413 36
1413 1414 23
1414 1322 1
1415 1416 49
1415 1417 36
1415 1421 46
1415 1422 24
1415 1424 33
1415 1425 48
1415 1427 45
1415 1428 85
1415 1429 42
1415 1431 52
1416 1417 17
1416 1418 100
1416 1419 100
1416 1422 36
1416 1423 21
1416 1425 42
1416 1426 63
1416 1427 32
1416 1428 58
1417 1418 4
1417 1423 94
1417 1428 41
1417 1430 18
1417 1431 9
1417 1432 65
1418 1419 21
1418 1420 6
1418 1421 86
1418 1422 63
1418 1425 3
1418 1427 81
1418 1429 95
1418 1430 51
1418 1431 33
1418 1432 17
1418 1433 9
1418 1434 52
1419 1420 36
1419 1421 10
1419 1422 59
1419 1426 63
1419 1431 55
1419 1432 73
1419 1433 40
1419 1434 100
1419 2511 70
1420 1421 14
1420 1425 20
1420 1429 9
1420 1432 16
1420 1433 84
1421 1422 17
1421 1423 41
1421 1424 74
1421 1425 75
1421 1427 49
1421 1428 19
1421 1430 88
1421 1431 54
1421 1432 52
1421 1433 62
1422 1423 7
1422 1424 11
1422 1425 46
1422 1428 23
1422 1429 49
1422 1432 22
1422 1433 24
1422 1434 27
1423 1424 32
1423 1428 78
1423 1433 85
1424 1425 96
1424 1426 62
1424 1427 20
1424 1428 13
1424 1430 34
1424 1432 66
1424 1434 17
1425 1426 69
1425 1433 100
1425 1434 24
1426 1427 82
1426 1430 90
1426 1431 14
1426 1432 65
1426 1434 81
1427 1428 54
1427 1430 15
1427 1431 13
1427 1434 10
1428 1429 65
1428 1430 48
1428 1431 35
1428 1434 8
1429 1430 96
1429 1431 48
1429 1433 47
1429 1434 87
1430 1431 57
1431 1432 83
1431 1434 97
1432 1433 35
1433 1434 18
1434 1415 39
1434 2185 20
1435 1436 42
1435 1445 10
1435 2511 86
1436 1437 100
1437 1438 9
1438 1439 51
1438 1441 5
1438 1451 26
1439 1440 8
1440 1441 5
1440 1450 12
1440 1451 37
1440 1456 25
1441 1442 27
1441 1459 85
1442 1443 38
1442 1460 58
1443 1444 3
1443 1450 88
1443 1456 41
1444 1445 50
1444 1458 42
1444 2511 62
1445 1446 72
1445 1460 21
1446 1447 100
1446 1457 73
1446 2220 65
1447 1448 52
1447 1458 59
1448 1449 56
1448 1460 34
1448 1469 95
1448 1772 79
1449 1450 42
1450 1451 59
1450 1453 35
1451 1452 9
1452 1453 89
1452 1455 46
1452 1460 1
1453 1454 34
1454 1455 67
1455 1456 38
1456 1457 48
1457 1458 39
1457 2467 80
1457 2511 42
1458 1459 54
1459 1460 37
1459 1461 52
1460 1461 63
1461 1462 100
1462 1435 85
1463 1464 70
1463 1470 32
1463 1475 77
1463 1478 98
1463 1480 44
1464 1465 35
1464 1466 3
1464 1472 73
1464 1476 43
1464 1486 83
1464 1487 3
1464 2423 79
1465 1466 91
1465 1473 77
1466 1467 81
1466 1478 2
1467 1468 38
1467 1478 47
1467 1481 72
1467 1488 34
1468 1469 16
1468 1471 89
1468 1478 55
1468 1480 73
1468 1486 34
1469 1470 71
1469 1477 8
1469 1482 17
1469 1488 43
1470 1471 50
1470 1473 80
1470 1475 41
1470 1476 88
1470 1479 47
1470 1485 48
1471 1472 51
1471 1473 28
1472 1473 86
1472 1474 15
1472 1484 55
1473 1474 84
1473 1476 91
1473 1478 27
1473 1483 14
1473 1485 76
1473 1486 35
1474 1475 86
1474 1479 31
1474 1483 48
1474 1487 46
1474 2511 67
1475 1476 54
1475 1477 39
1475 1483 3
1475 1485 54
1476 1477 56
1476 1478 73
1476 1479 76
1476 1481 67
1476 1486 86
1477 1478 27
1477 1480 19
1477 1484 90
1478 1479 99
1478 1488 54
1479 1480 49
1479 1481 44
1479 1482 85
1479 1488 12
1480 1481 78
1480 1484 80
1480 1485 9
1481 1482 89
1482 1483 42
1482 1488 24
1483 1484 58
1484 1485 33
1484 1487 13
1485 1486 12
1486 1487 4
1486 1488 77
1487 1488 80
1488 1463 28
1489 1490 8
1489 1541 89
1490 1491 60
1491 1492 53
1492 1493 36
1492 1558 88
1493 1494 28
1493 1534 92
1493 1540 49
1494 1495 88
1494 1561 98
1495 1496 84
1496 1497 51
1497 1498 97
1498 1499 86
1499 1500 84
1500 1501 34
1500 1531 18
1501 1502 39
1502 1503 49
1503 1504 26
1504 1505 76
1505 1506 52
1506 1507 60
1506 1526 93
1507 1508 12
1508 1509 26
1508 1522 10
1509 1510 39
1510 1511 4
1510 1554 14
1511 1512 64
1512 1513 1
1512 2511 75
1513 1514 49
1514 1515 79
1515 1516 58
1516 1517 70
1517 1518 83
1517 1528 38
1517 1546 89
1518 1519 52
1519 1520 93
1519 1555 81
1520 1521 18
1521 1522 33
1522 1523 55
1523 1524 29
1524 1525 73
1525 1526 56
1526 1527 4
1527 1528 75
1527 1563 23
1528 1529 90
1529 1530 97
1530 1531 15
1531 1532 35
1531 1536 42
1532 1533 71
1533 1534 59
1534 1535 87
1535 1536 83
1536 1537 51
1537 1538 19
1537 1541 24
1538 1539 64
1539 1540 97
1539 1546 55
1539 1704 16
1539 2511 61
1540 1541 54
1541 1542 47
1542 1543 27
1542 1544 23
1543 1544 4
1544 1545 68
1545 1546 40
1546 1547 8
1547 1548 28
1548 1549 63
1549 1550 99
1550 1551 6
1550 1558 66
1550 2511 89
1551 1552 50
1552 1553 9
1552 1554 17
1553 1554 96
1554 1555 39
1555 1556 19
1556 1557 55
1556 1558 88
1557 1558 75
1558 1559 51
1559 1560 39
1560 1561 72
1561 1562 24
1562 1563 35
1563 1564 16
1564 1489 88
1565 1566 44
1566 1567 64
1567 1568 1
1567 1933 88
1568 1569 91
1569 1570 84
1570 1571 98
1571 1572 94
1572 1573 5
1573 1574 91
1574 1575 48
1575 1576 95
1576 1577 79
1577 1578 13
1578 1579 52
1579 1580 24
1580 1581 64
1581 1582 80
1582 1583 30
1583 1584 9
1584 1585 13
1584 2511 56
1585 1586 36
1586 1587 78
1587 1588 67
1587 1602 41
1588 1589 68
1589 1590 87
1590 1591 28
1591 1592 8
1592 1593 92
1592 1637 30
1593 1594 12
1594 1595 18
1595 1596 6
1596 1597 17
1597 1598 51
1598 1599 75
1599 1600 41
1600 1601 41
1601 1602 2
1601 1635 45
1602 1603 41
1603 1604 23
1604 1605 6
1605 1606 16
1606 1607 42
1607 1608 52
1608 1609 94
1609 1610 100
1610 1611 3
1611 1612 61
1612 1613 16
1613 1614 81
1614 1615 80
1615 1616 55
1616 1617 82
1617 1618 14
1618 1619 55
1619 1620 69
1619 2511 52
1620 1621 83
1621 1622 12
1622 1623 72
1623 1624 45
1624 1625 38
1625 1626 40
1626 1627 9
1627 1628 22
1627 2511 52
1628 1629 40
1629 1630 36
1630 1631 33
1631 1632 95
1632 1633 57
1633 1634 28
1634 1635 36
1635 1636 53
1636 1637 6
1637 1638 55
1638 1565 41
1639 1640 8
1640 1641 32
1641 1642 66
1642 1643 73
1643 1644 10
1643 1685 43
1644 1645 90
1645 1646 69
1646 1647 28
1646 1691 16
1647 1648 17
1647 1712 69
1648 1649 15
1649 1650 98
1650 1651 50
1651 1652 65
1651 1706 75
1652 1653 97
1652 1675 93
1652 1689 93
1652 1709 88
1653 1654 25
1653 1713 89
1654 1655 57
1655 1656 33
1656 1657 31
1657 1658 18
1657 1674 72
1657 1722 43
1658 1659 50
1659 1660 58
1660 1661 76
1661 1662 4
1662 1663 30
1663 1664 67
1663 1679 74
1664 1665 72
1665 1666 22
1666 1667 66
1666 1683 84
1667 1668 4
1668 1669 15
1669 1670 19
1670 1671 12
1671 1672 6
1672 1673 11
1673 1674 4
1674 1675 17
1675 1676 81
1676 1677 83
1677 1678 53
1677 1724 93
1678 1679 55
1679 1680 90
1680 1681 19
1681 1682 25
1682 1683 45
1682 1723 22
1683 1684 48
1683 1707 28
1684 1685 20
1684 2397 90
1685 1686 36
1686 1687 96
1687 1688 27
1688 1689 46
1689 1690 66
1690 1691 9
1691 1692 74
1691 2511 100
1692 1693 76
1693 1694 87
1694 1695 20
1695 1696 9
1696 1697 56
1697 1698 98
1698 1699 50
1699 1700 47
1700 1701 20
1700 2511 55
1701 1702 33
1702 1703 67
1703 1704 36
1704 1705 90
1705 1706 44
1706 1707 49
1707 1708 58
1708 1709 28
1709 1710 28
1710 1711 54
1711 1712 94
1712 1713 57
1713 1714 26
1714 1715 18
1715 1716 40
1716 1717 75
1717 1718 87
1718 1719 15
1719 1720 96
1720 1721 8
1721 1722 39
1722 1723 66
1723 1724 80
1724 1725 48
1725 1726 39
1726 1727 20
1727 1728 20
1728 1639 41
1729 1730 10
1730 1731 53
1730 1756 78
1731 1732 35
1732 1733 42
1733 1734 51
1734 1735 55
1735 1736 74
1736 1737 74
1737 1738 2
1738 1739 15
1739 1740 15
1740 1741 49
1740 1752 25
1741 1742 11
1742 1743 45
1743 1744 50
1744 1745 56
1745 1746 99
1745 2501 93
1746 1747 45
1746 1758 45
1747 1748 26
1748 1749 85
1749 1750 54
1750 1751 27
1751 1752 7
1752 1753 86
1753 1754 32
1753 2198 47
1754 1755 94
1754 2443 82
1755 1756 51
1755 2511 1
1756 1757 62
1757 1758 19
1758 1759 64
1759 1760 53
1760 1761 17
1761 1762 16
1762 1763 2
1763 1764 22
1764 1765 4
1765 1766 69
1766 1767 72
1766 1768 36
1767 1768 85
1768 1769 40
1769 1770 68
1770 1771 29
1771 1729 35
1772 1773 85
1772 1777 67
1772 1784 47
1773 1774 31
1773 1775 71
1773 1786 77
1774 1775 21
1775 1776 64
1775 1779 60
1775 1780 34
1776 1777 34
1776 1778 95
1776 1781 31
1776 1787 32
1777 1778 43
1777 1779 7
1778 1779 11
1779 1780 20
1779 2511 45
1780 1781 4
1781 1782 93
1782 1783 56
1782 1784 52
1783 1784 1
1784 1785 8
1784 1787 1
1785 1786 74
1785 2511 74
1786 1787 19
1787 1772 95
1788 1789 23
1788 1890 63
1789 1790 22
1790 1791 63
1790 1868 94
1790 1877 16
1791 1792 63
1792 1793 5
1793 1794 94
1793 1845 19
1794 1795 42
1795 1796 73
1796 1797 62
1797 1798 12
1797 1804 17
1798 1799 61
1799 1800 43
1800 1801 32
1801 1802 70
1802 1803 24
1803 1804 32
1804 1805 44
1804 1829 97
1805 1806 8
1806 1807 78
1807 1808 75
1807 1832 84
1808 1809 74
1808 1896 25
1808 2511 77
1809 1810 35
1810 1811 62
1810 1899 18
1811 1812 42
1812 1813 59
1813 1814 31
1813 1836 51
1813 1884 6
1814 1815 66
1814 1892 3
1815 1816 46
1816 1817 13
1816 1879 32
1816 1884 76
1817 1818 48
1817 1846 5
1818 1819 52
1819 1820 35
1820 1821 62
1821 1822 80
1822 1823 15
1823 1824 10
1824 1825 59
1825 1826 7
1826 1827 64
1827 1828 86
1828 1829 49
1829 1830 66
1829 1850 7
1830 1831 81
1830 2511 90
1831 1832 84
1831 1896 9
1832 1833 34
1833 1834 29
1834 1835 72
1835 1836 59
1835 1851 45
1836 1837 57
1836 1900 63
1837 1838 7
1838 1839 89
1839 1840 45
1840 1841 88
1841 1842 80
1841 1879 32
1842 1843 19
1843 1844 57
1844 1845 41
1845 1846 100
1846 1847 45
1847 1848 93
1848 1849 34
1849 1850 92
1850 1851 3
1850 1863 18
1851 1852 64
1852 1853 37
1853 1854 76
1854 1855 47
1854 1858 22
1855 1856 95
1856 1857 87
1857 1858 73
1858 1859 75
1859 1860 58
1860 1861 40
1861 1862 72
1862 1863 26
1863 1864 31
1863 1885 94
1864 1865 11
1865 1866 6
1866 1867 12
1866 1887 55
1867 1868 50
1868 1869 99
1869 1870 41
1870 1871 46
1871 1872 61
1872 1873 45
1873 1874 5
1874 1875 27
1875 1876 38
1875 1890 13
1876 1877 94
1876 1878 27
1877 1878 84
1878 1879 34
1879 1880 89
1880 1881 95
1881 1882 79
1881 1888 34
1882 1883 54
1883 1884 11
1884 1885 23
1885 1886 76
1886 1887 32
1887 1888 40
1888 1889 81
1889 1890 82
1889 1897 38
1890 1891 98
1891 1892 47
1892 1893 24
1893 1894 38
1894 1895 30
1895 1896 62
1896 1897 18
1897 1898 48
1898 1899 57
1899 1900 37
1900 1901 83
1901 1902 7
1902 1903 15
1903 1788 27
1903 2511 67
1904 1905 72
1904 1908 71
1904 1909 57
1905 1906 91
1905 1909 6
1906 1907 43
1906 1908 48
1906 1909 11
1907 1908 13
1907 1910 72
1908 1909 91
1909 1910 63
1910 1904 22
1911 1912 71
1912 1913 75
1912 1921 94
1913 1914 13
1914 1915 69
1914 1946 51
1914 2511 33
1915 1916 70
1916 1917 59
1916 1926 99
1917 1918 3
1917 1935 66
1918 1919 38
1919 1920 69
1920 1921 8
1921 1922 33
1922 1923 31
1923 1924 87
1924 1925 14
1925 1926 73
1925 1940 49
1925 1942 18
1926 1927 63
1927 1928 46
1927 1943 15
1928 1929 37
1928 1943 10
1929 1930 4
1930 1931 55
1931 1932 67
1931 1935 73
1932 1933 53
1932 1943 11
1933 1934 8
1933 1938 87
1934 1935 84
1935 1936 50
1936 1937 11
1937 1938 54
1938 1939 99
1939 1940 37
1940 1941 84
1941 1942 31
1942 1943 55
1943 1944 41
1944 1945 83
1944 1947 69
1945 1946 55
1946 1947 97
1947 1911 10
1947 2485 72
1948 1949 86
1948 1985 1
1949 1950 75
1950 1951 19
1951 1952 34
1951 1989 31
1951 2048 73
1952 1953 85
1953 1954 43
1954 1955 77
1954 1991 91
1955 1956 61
1955 1960 97
1955 2040 46
1956 1957 76
1957 1958 35
1958 1959 95
1959 1960 56
1959 1962 26
1960 1961 72
1960 2031 100
1961 1962 43
1962 1963 81
1962 2014 30
1963 1964 26
1963 1992 40
1964 1965 31
1964 2003 44
1965 1966 64
1966 1967 26
1966 1972 79
1967 1968 89
1968 1969 51
1969 1970 22
1969 2511 63
1970 1971 13
1971 1972 2
1972 1973 62
1973 1974 36
1973 2048 7
1974 1975 84
1975 1976 90
1976 1977 17
1977 1978 89
1977 2014 81
1978 1979 75
1978 2035 99
1979 1980 39
1979 1990 27
1979 2021 3
1980 1981 13
1980 2004 53
1981 1982 65
1981 2044 11
1982 1983 5
1983 1984 78
1984 1985 26
1985 1986 38
1986 1987 96
1986 2003 13
1987 1988 52
1988 1989 11
1989 1990 37
1989 2041 99
1989 2143 100
1990 1991 96
1990 2287 88
1991 1992 2
1991 2010 1
1992 1993 44
1992 1999 88
1992 2006 11
1993 1994 25
1994 1995 3
1995 1996 39
1995 2049 6
1996 1997 28
1997 1998 43
1997 2025 75
1998 1999 91
1998 2001 85
1998 2024 94
1999 2000 92
1999 2039 98
2000 2001 24
2001 2002 61
2001 2009 83
2001 2011 73
2002 2003 7
2002 2030 41
2002 2045 47
2003 2004 49
2004 2005 14
2005 2006 19
2006 2007 47
2006 2039 2
2007 2008 39
2007 2033 98
2008 2009 72
2009 2010 27
2010 2011 2
2011 2012 26
2011 2027 69
2012 2013 76
2013 2014 4
2014 2015 20
2015 2016 39
2016 2017 36
2017 2018 100
2018 2019 89
2019 2020 53
2020 2021 58
2021 2022 37
2022 2023 84
2023 2024 16
2024 2025 94
2025 2026 39
2026 2027 17
2026 2511 70
2027 2028 85
2027 2042 42
2028 2029 42
2029 2030 78
2030 2031 30
2031 2032 55
2032 2033 40
2033 2034 83
2034 2035 95
2034 2045 58
2035 2036 63
2036 2037 6
2036 2044 27
2037 2038 18
2038 2039 94
2039 2040 8
2040 2041 21
2041 2042 62
2042 2043 61
2043 2044 78
2044 2045 41
2045 2046 50
2046 2047 14
2047 2048 10
2048 2049 14
2049 2050 58
2050 2051 44
2051 1948 78
2052 2053 28
2053 2054 87
2054 2055 58
2054 2114 66
2055 2056 35
2055 2072 63
2056 2057 100
2056 2107 4
2056 2111 73
2056 2112 99
2057 2058 67
2057 2093 66
2058 2059 38
2058 2061 44
2058 2119 18
2059 2060 40
2060 2061 4
2060 2068 21
2060 2103 97
2061 2062 2
2062 2063 64
2062 2100 42
2063 2064 74
2063 2077 82
2064 2065 55
2065 2066 97
2066 2067 88
2067 2068 11
2067 2094 48
2067 2114 42
2068 2069 19
2068 2088 20
2068 2111 86
2068 2114 35
2069 2070 77
2070 2071 98
2071 2072 75
2071 2103 20
2072 2073 12
2072 2079 68
2072 2111 47
2073 2074 51
2073 2098 89
2074 2075 79
2075 2076 58
2075 2111 9
2076 2077 34
2077 2078 28
2077 2107 59
2078 2079 94
2078 2133 4
2079 2080 93
2080 2081 20
2081 2082 43
2082 2083 94
2083 2084 6
2084 2085 46
2085 2086 99
2085 2093 76
2086 2087 33
2086 2099 52
2087 2088 78
2088 2089 91
2089 2090 12
2090 2091 41
2090 2092 54
2090 2427 52
2091 2092 32
2092 2093 38
2092 2104 66
2092 2117 45
2093 2094 83
2093 2119 46
2094 2095 57
2095 2096 99
2095 2097 19
2096 2097 71
2096 2111 33
2097 2098 5
2098 2099 38
2099 2100 23
2100 2101 67
2101 2102 94
2102 2103 45
2102 2107 29
2102 2116 95
2103 2104 8
2103 2118 100
2104 2105 38
2105 2106 15
2105 2107 25
2106 2107 99
2106 2116 41
2107 2108 13
2108 2109 42
2109 2110 55
2109 2113 17
2110 2111 94
2110 2114 28
2111 2112 70
2112 2113 98
2113 2114 60
2114 2115 31
2115 2116 75
2116 2117 78
2116 2118 18
2117 2118 37
2117 2199 20
2118 2119 98
2119 2052 33
2120 2121 93
2120 2152 3
2120 2158 36
2121 2122 71
2122 2123 44
2123 2124 29
2124 2125 28
2124 2169 48
2125 2126 75
2126 2127 78
2126 2129 71
2127 2128 40
2128 2129 51
2128 2162 81
2129 2130 50
2130 2131 70
2130 2168 41
2131 2132 51
2132 2133 10
2132 2511 5
2133 2134 98
2134 2135 68
2135 2136 57
2135 2163 92
2136 2137 42
2137 2138 92
2138 2139 3
2139 2140 77
2140 2141 26
2141 2142 14
2142 2143 87
2143 2144 6
2144 2145 13
2145 2146 24
2146 2147 95
2147 2148 59
2147 2511 93
2148 2149 35
2149 2150 30
2149 2151 100
2149 2159 14
2150 2151 39
2151 2152 76
2152 2153 38
2153 2154 19
2154 2155 93
2155 2156 92
2156 2157 90
2157 2158 48
2158 2159 3
2159 2160 38
2160 2161 59
2161 2162 96
2162 2163 22
2163 2164 49
2164 2165 34
2164 2167 12
2165 2166 61
2166 2167 29
2167 2168 62
2168 2169 30
2169 2170 32
2170 2171 98
2171 2172 41
2172 2120 73
2173 2174 85
2174 2175 67
2175 2176 74
2176 2177 71
2177 2178 62
2177 2184 55
2177 2192 65
2178 2179 55
2178 2183 27
2178 2185 19
2179 2180 65
2179 2442 16
2180 2181 74
2181 2182 23
2182 2183 10
2182 2186 49
2182 2189 81
2182 2511 3
2183 2184 8
2183 2221 72
2184 2185 20
2185 2186 16
2186 2187 55
2187 2188 13
2188 2189 31
2188 2191 52
2189 2190 1
2190 2191 44
2191 2192 2
2192 2173 70
2193 2194 88
2193 2196 30
2194 2195 17
2194 2207 75
2195 2196 97
2195 2198 39
2196 2197 88
2197 2198 67
2198 2199 62
2198 2208 73
2198 2210 58
2199 2200 71
2199 2217 77
2200 2201 19
2200 2203 38
2201 2202 1
2201 2210 2
2202 2203 40
2203 2204 59
2203 2205 38
2204 2205 16
2204 2208 59
2204 2214 18
2204 2216 38
2205 2206 35
2205 2208 3
2206 2207 82
2207 2208 94
2208 2209 9
2209 2210 10
2209 2212 55
2210 2211 52
2211 2212 80
2212 2213 41
2212 2220 60
2212 2221 12
2213 2214 79
2214 2215 50
2215 2216 98
2216 2217 78
2217 2218 94
2218 2219 1
2219 2220 97
2220 2221 46
2221 2193 89
2222 2223 17
2223 2224 86
2224 2225 40
2225 2226 45
2226 2227 69
2227 2228 97
2228 2229 33
2229 2230 59
2230 2231 66
2231 2232 96
2232 2233 9
2233 2234 86
2234 2235 75
2235 2236 51
2236 2237 43
2236 2254 4
2237 2238 52
2237 2511 4
2238 2239 91
2239 2240 58
2240 2241 50
2241 2242 96
2242 2243 5
2243 2244 22
2244 2245 71
2245 2246 55
2246 2247 50
2247 2248 55
2248 2249 17
2249 2250 85
2250 2251 31
2251 2252 69
2252 2253 68
2253 2254 62
2253 2511 39
2254 2255 67
2255 2256 92
2256 2257 8
2257 2258 48
2258 2259 92
2259 2260 89
2260 2261 19
2261 2262 24
2262 2263 65
2263 2264 5
2264 2265 6
2265 2266 61
2266 2267 47
2267 2268 10
2268 2269 55
2269 2270 91
2270 2271 15
2271 2272 71
2272 2273 7
2273 2274 59
2274 2275 38
2275 2276 27
2276 2277 92
2277 2278 55
2278 2279 76
2279 2280 27
2280 2281 24
2281 2282 20
2282 2283 84
2283 2284 74
2284 2285 59
2285 2286 77
2286 2287 70
2287 2288 83
2288 2289 34
2289 2290 82
2290 2291 53
2291 2292 6
2292 2293 22
2293 2294 38
2294 2295 18
2295 2296 25
2296 2297 38
2297 2298 96
2298 2299 5
2299 2300 15
2300 2301 86
2301 2302 7
2302 2303 69
2303 2304 38
2304 2305 52
2305 2306 54
2306 2307 84
2307 2308 90
2308 2309 63
2309 2310 73
2310 2311 88
2311 2312 63
2312 2313 43
2313 2314 54
2314 2315 56
2315 2316 92
2316 2317 8
2317 2318 77
2318 2319 87
2318 2511 35
2319 2320 39
2320 2321 100
2321 2322 90
2322 2323 5
2323 2324 41
2324 2325 62
2325 2326 22
2325 2343 90
2326 2327 51
2327 2222 18
2328 2329 50
2328 2336 40
2329 2330 77
2330 2331 65
2331 2332 91
2331 2335 34
2332 2333 81
2333 2334 56
2334 2335 73
2335 2336 32
2336 2337 73
2337 2338 81
2338 2328 78
2339 2340 29
2340 2341 70
2341 2342 57
2342 2343 60
2343 2344 85
2344 2345 22
2344 2481 39
2345 2346 56
2346 2347 83
2347 2348 65
2348 2349 72
2349 2350 64
2350 2351 46
2351 2352 95
2352 2353 32
2353 2354 98
2354 2355 53
2355 2356 22
2356 2357 89
2357 2358 49
2358 2359 23
2359 2360 54
2360 2361 18
2361 2362 91
2362 2363 18
2363 2364 98
2364 2365 32
2365 2366 55
2366 2367 65
2367 2368 61
2368 2369 27
2369 2370 27
2369 2511 100
2370 2371 71
2370 2373 31
2371 2372 76
2372 2373 87
2373 2374 61
2374 2375 26
2374 2511 65
2375 2376 39
2376 2377 21
2377 2378 73
2378 2379 18
2378 2511 76
2379 2380 69
2380 2381 30
2381 2382 41
2382 2383 48
2383 2384 64
2384 2385 94
2385 2386 87
2386 2387 82
2387 2388 60
2388 2389 89
2389 2390 6
2390 2391 19
2391 2392 77
2392 2393 9
2393 2394 22
2394 2395 45
2395 2396 4
2395 2511 90
2396 2397 96
2397 2398 44
2397 2399 38
2398 2399 1
2399 2400 53
2400 2339 85
2401 2402 15
2401 2417 20
2402 2403 99
2402 2404 83
2403 2404 37
2403 2419 49
2404 2405 74
2404 2416 93
2404 2421 28
2405 2406 72
2405 2416 90
2405 2425 38
2405 2511 57
2406 2407 50
2406 2414 26
2407 2408 2
2407 2411 95
2408 2409 68
2408 2419 31
2408 2421 100
2409 2410 26
2409 2418 16
2409 2422 66
2410 2411 94
2410 2414 66
2410 2417 61
2411 2412 69
2411 2415 66
2412 2413 33
2412 2415 86
2412 2424 29
2413 2414 11
2413 2421 30
2413 2422 93
2414 2415 91
2414 2424 96
2415 2416 16
2416 2417 15
2417 2418 59
2417 2425 19
2418 2419 7
2419 2420 62
2419 2423 99
2420 2421 93
2421 2422 97
2422 2423 96
2423 2424 52
2424 2425 70
2425 2401 98
2426 2427 37
2426 2439 21
2426 2446 9
2427 2428 54
2427 2433 92
2427 2511 33
2428 2429 76
2428 2457 5
2429 2430 99
2429 2439 84
2430 2431 34
2430 2446 5
2430 2453 93
2430 2461 45
2430 2468 80
2431 2432 27
2431 2436 72
2431 2445 20
2431 2455 41
2432 2433 25
2432 2456 79
2432 2457 95
2432 2466 16
2433 2434 75
2433 2447 89
2434 2435 73
2434 2444 36
2434 2445 59
2435 2436 54
2435 2438 47
2435 2460 35
2436 2437 93
2437 2438 83
2437 2451 14
2438 2439 69
2438 2441 86
2438 2447 12
2438 2454 74
2439 2440 8
2439 2452 73
2439 2457 18
2439 2459 73
2440 2441 37
2440 2458 77
2441 2442 78
2441 2443 11
2441 2449 83
2441 2511 44
2442 2443 35
2442 2447 58
2443 2444 90
2443 2452 100
2444 2445 58
2445 2446 14
2446 2447 9
2447 2448 49
2447 2455 37
2447 2467 56
2448 2449 45
2448 2463 27
2448 2511 88
2449 2450 88
2449 2455 97
2449 2460 57
2450 2451 86
2450 2453 45
2451 2452 1
2452 2453 28
2452 2458 35
2452 2467 75
2453 2454 22
2453 2461 98
2454 2455 54
2454 2465 95
2455 2456 40
2455 2457 76
2456 2457 12
2456 2460 91
2457 2458 1
2457 2464 2
2458 2459 34
2458 2460 75
2458 2462 96
2459 2460 62
2460 2461 34
2461 2462 94
2461 2464 26
2462 2463 79
2462 2468 44
2463 2464 71
2464 2465 8
2465 2466 82
2466 2467 60
2467 2468 50
2468 2426 6
2469 2470 6
2470 2471 82
2470 2509 43
2471 2472 6
2471 2501 64
2472 2473 67
2472 2476 69
2473 2474 58
2473 2485 46
2474 2475 91
2475 2476 65
2476 2477 25
2476 2504 35
2476 2505 19
2477 2478 46
2477 2483 58
2478 2479 36
2479 2480 31
2480 2481 93
2480 2499 46
2481 2482 87
2481 2487 70
2482 2483 37
2483 2484 5
2483 2493 7
2484 2485 40
2485 2486 87
2485 2497 45
2486 2487 2
2487 2488 93
2488 2489 54
2489 2490 28
2490 2491 16
2491 2492 7
2491 2502 30
2492 2493 92
2493 2494 33
2494 2495 23
2494 2508 10
2495 2496 56
2496 2497 40
2497 2498 21
2498 2499 38
2499 2500 68
2500 2501 73
2501 2502 87
2501 2509 64
2501 2510 91
2502 2503 44
2503 2504 10
2504 2505 13
2505 2506 81
2506 2507 38
2507 2508 37
2507 2511 69
2508 2509 53
2509 2510 21
2510 2469 99
