0 1 76
1 2 39
1 3 70
2 3 86
3 4 62
3 6 84
4 5 44
5 6 76
6 0 7
6 5 29
7 8 94
7 12 77
7 13 3
7 16 87
8 9 42
9 10 67
9 11 2
9 13 87
9 14 85
10 11 87
10 17 79
11 12 85
12 13 52
13 14 60
13 16 94
13 53 84
14 15 23
15 16 36
16 17 75
17 7 96
18 19 69
18 25 49
18 29 32
19 20 98
19 24 89
19 25 12
20 6 77
20 21 77
20 23 6
20 31 25
21 22 44
21 23 23
21 28 23
22 23 68
22 31 26
22 37 38
23 24 21
23 28 31
23 29 23
24 25 70
24 36 100
25 26 63
25 28 36
26 27 41
26 30 83
27 28 79
27 31 51
28 29 90
28 30 47
29 30 21
30 31 24
31 18 13
32 13 37
32 33 39
33 34 1
34 35 31
35 36 29
36 37 59
37 38 80
38 39 60
39 40 91
40 41 4
40 43 93
41 42 94
42 43 24
43 44 77
44 32 94
45 46 86
45 47 82
45 49 88
45 51 57
45 52 53
45 53 64
46 47 93
46 48 54
46 53 32
47 48 31
47 49 22
47 50 65
47 51 27
48 49 49
48 50 88
48 52 81
48 53 80
49 50 26
50 51 79
50 53 26
51 52 15
51 53 54
52 53 3
53 2 92
53 45 39
