path 0 288 [30, 31, 18, 19, 20, 6, 0]
path 1 364 [30, 31, 18, 19, 20, 6, 0, 1]
path 2 403 [30, 31, 18, 19, 20, 6, 0, 1, 2]
path 3 434 [30, 31, 18, 19, 20, 6, 0, 1, 3]
path 4 496 [30, 31, 18, 19, 20, 6, 0, 1, 3, 4]
path 5 310 [30, 31, 18, 19, 20, 6, 5]
path 6 281 [30, 31, 18, 19, 20, 6]
path 7 1151 [30, 31, 18, 19, 24, 36, 37, 38, 39, 40, 43, 44, 32, 13, 16, 17, 7]
path 8 1245 [30, 31, 18, 19, 24, 36, 37, 38, 39, 40, 43, 44, 32, 13, 16, 17, 7, 8]
path 9 1287 [30, 31, 18, 19, 24, 36, 37, 38, 39, 40, 43, 44, 32, 13, 16, 17, 7, 8, 9]
path 10 1354 [30, 31, 18, 19, 24, 36, 37, 38, 39, 40, 43, 44, 32, 13, 16, 17, 7, 8, 9, 10]
path 11 1289 [30, 31, 18, 19, 24, 36, 37, 38, 39, 40, 43, 44, 32, 13, 16, 17, 7, 8, 9, 11]
path 12 1228 [30, 31, 18, 19, 24, 36, 37, 38, 39, 40, 43, 44, 32, 13, 16, 17, 7, 12]
path 13 886 [30, 31, 18, 19, 24, 36, 37, 38, 39, 40, 43, 44, 32, 13]
path 14 946 [30, 31, 18, 19, 24, 36, 37, 38, 39, 40, 43, 44, 32, 13, 14]
path 15 969 [30, 31, 18, 19, 24, 36, 37, 38, 39, 40, 43, 44, 32, 13, 14, 15]
path 16 980 [30, 31, 18, 19, 24, 36, 37, 38, 39, 40, 43, 44, 32, 13, 16]
path 17 1055 [30, 31, 18, 19, 24, 36, 37, 38, 39, 40, 43, 44, 32, 13, 16, 17]
path 18 37 [30, 31, 18]
path 19 106 [30, 31, 18, 19]
path 20 204 [30, 31, 18, 19, 20]
path 21 281 [30, 31, 18, 19, 20, 21]
path 22 325 [30, 31, 18, 19, 20, 21, 22]
path 23 210 [30, 31, 18, 19, 20, 23]
path 24 195 [30, 31, 18, 19, 24]
path 25 86 [30, 31, 18, 25]
path 26 149 [30, 31, 18, 25, 26]
path 27 190 [30, 31, 18, 25, 26, 27]
path 28 122 [30, 31, 18, 25, 28]
path 29 69 [30, 31, 18, 29]
path 30 0 [30]
path 31 24 [30, 31]
path 32 849 [30, 31, 18, 19, 24, 36, 37, 38, 39, 40, 43, 44, 32]
path 33 888 [30, 31, 18, 19, 24, 36, 37, 38, 39, 40, 43, 44, 32, 33]
path 34 889 [30, 31, 18, 19, 24, 36, 37, 38, 39, 40, 43, 44, 32, 33, 34]
path 35 920 [30, 31, 18, 19, 24, 36, 37, 38, 39, 40, 43, 44, 32, 33, 34, 35]
path 36 295 [30, 31, 18, 19, 24, 36]
path 37 354 [30, 31, 18, 19, 24, 36, 37]
path 38 434 [30, 31, 18, 19, 24, 36, 37, 38]
path 39 494 [30, 31, 18, 19, 24, 36, 37, 38, 39]
path 40 585 [30, 31, 18, 19, 24, 36, 37, 38, 39, 40]
path 41 589 [30, 31, 18, 19, 24, 36, 37, 38, 39, 40, 41]
path 42 683 [30, 31, 18, 19, 24, 36, 37, 38, 39, 40, 41, 42]
path 43 678 [30, 31, 18, 19, 24, 36, 37, 38, 39, 40, 43]
path 44 755 [30, 31, 18, 19, 24, 36, 37, 38, 39, 40, 43, 44]
path 45 1009 [30, 31, 18, 19, 24, 36, 37, 38, 39, 40, 43, 44, 32, 13, 53, 45]
path 46 1095 [30, 31, 18, 19, 24, 36, 37, 38, 39, 40, 43, 44, 32, 13, 53, 45, 46]
path 47 1091 [30, 31, 18, 19, 24, 36, 37, 38, 39, 40, 43, 44, 32, 13, 53, 45, 47]
path 48 1122 [30, 31, 18, 19, 24, 36, 37, 38, 39, 40, 43, 44, 32, 13, 53, 45, 47, 48]
path 49 1097 [30, 31, 18, 19, 24, 36, 37, 38, 39, 40, 43, 44, 32, 13, 53, 45, 49]
path 50 1123 [30, 31, 18, 19, 24, 36, 37, 38, 39, 40, 43, 44, 32, 13, 53, 45, 49, 50]
path 51 1066 [30, 31, 18, 19, 24, 36, 37, 38, 39, 40, 43, 44, 32, 13, 53, 45, 51]
path 52 1062 [30, 31, 18, 19, 24, 36, 37, 38, 39, 40, 43, 44, 32, 13, 53, 45, 52]
path 53 970 [30, 31, 18, 19, 24, 36, 37, 38, 39, 40, 43, 44, 32, 13, 53]
