0 1 29
1 2 17
2 3 92
3 4 30
4 5 38
5 6 11
6 7 28
7 8 5
8 9 85
9 10 29
10 11 100
11 12 59
12 13 42
12 210 73
13 14 38
13 58 37
14 15 11
15 16 4
16 17 86
17 18 96
18 19 89
19 20 75
20 21 79
21 22 61
22 23 27
23 24 20
24 25 26
24 448 37
25 26 44
26 27 39
27 28 86
28 29 78
29 30 61
30 31 61
31 32 84
32 33 36
33 34 6
34 35 78
35 36 74
36 37 57
37 38 32
38 39 31
39 40 42
40 41 63
41 42 18
42 43 73
43 44 89
44 45 88
45 46 2
46 47 87
47 48 90
48 49 73
49 50 77
50 51 54
51 52 70
52 53 56
53 0 90
54 55 49
54 58 30
54 61 29
54 62 55
54 64 3
55 56 79
56 57 27
56 58 6
57 58 2
57 60 6
57 62 33
57 63 89
57 64 4
58 59 34
58 62 13
58 63 64
58 64 66
58 378 6
59 60 42
59 61 97
59 62 25
59 63 20
60 61 66
60 63 33
60 64 25
61 62 56
62 63 84
63 64 39
64 54 38
65 66 93
65 75 97
65 92 3
66 67 88
66 70 61
66 82 64
66 91 46
67 68 93
67 82 60
68 69 34
68 77 93
68 81 27
69 70 70
70 71 76
70 95 73
71 72 26
72 73 71
72 93 32
73 74 91
74 75 17
74 86 100
74 91 39
75 76 51
75 84 63
76 77 47
76 92 27
77 78 48
78 79 83
78 87 3
79 80 58
80 81 83
81 82 39
82 83 74
83 84 26
83 92 61
84 85 26
84 91 66
85 86 27
86 87 98
87 88 19
87 695 55
88 89 89
89 90 96
90 91 62
91 92 9
92 93 99
93 94 93
94 95 95
95 96 22
96 97 84
97 65 38
98 99 75
99 100 22
100 101 70
100 102 33
100 177 31
101 102 69
101 123 13
102 103 11
103 104 10
104 105 18
105 106 93
106 107 39
106 155 98
107 108 17
108 109 78
109 110 1
110 111 90
111 112 2
112 113 47
113 114 60
114 115 20
115 116 67
116 117 8
117 118 80
118 119 69
118 181 54
119 120 27
119 146 11
120 121 17
121 122 65
121 144 9
122 123 31
122 162 45
123 124 86
124 125 13
125 126 45
126 127 29
126 148 73
127 128 63
127 160 71
128 129 11
129 130 2
130 131 73
131 132 84
132 133 50
133 134 71
134 135 7
135 136 93
136 137 30
137 138 61
138 139 46
139 140 23
140 141 61
140 178 67
141 142 12
142 143 14
143 144 84
144 145 39
145 146 30
146 147 22
147 148 77
148 149 91
149 150 100
150 151 45
151 152 71
152 153 70
152 175 26
153 154 31
153 601 9
154 155 45
154 590 46
155 156 46
156 157 21
157 158 29
158 159 3
158 181 16
159 160 69
160 161 8
161 162 54
162 163 10
163 164 69
164 165 35
165 166 90
166 167 31
167 168 80
168 169 100
169 170 92
170 171 82
171 172 25
172 173 60
173 174 81
174 175 82
175 176 29
176 177 86
177 178 55
178 179 91
179 180 55
180 181 41
181 182 47
182 98 9
183 184 8
183 193 9
183 194 58
184 185 59
184 186 67
184 187 52
185 186 35
185 190 53
186 187 18
187 188 36
188 189 78
188 190 36
189 190 70
190 191 84
190 192 91
191 192 76
191 518 23
192 193 94
193 194 22
193 196 38
194 195 97
195 196 43
196 183 84
197 198 51
198 199 86
199 200 15
199 221 64
200 201 82
201 202 49
202 203 9
202 220 54
203 204 51
203 213 61
203 216 52
204 205 35
205 206 37
206 207 3
207 208 51
208 209 35
208 231 40
209 210 3
210 211 38
210 230 12
211 212 46
212 71 93
212 213 4
212 226 64
213 214 39
214 215 47
215 216 47
216 217 95
217 218 97
218 219 81
219 220 3
220 221 49
221 222 57
222 223 95
223 224 36
224 225 78
225 226 25
226 227 8
227 228 32
227 696 22
228 229 56
229 230 22
230 231 73
231 232 24
232 233 95
233 234 17
234 235 65
235 236 91
236 197 40
237 238 30
238 239 73
239 240 7
239 584 83
240 241 30
241 242 71
241 293 4
241 326 71
242 243 52
243 244 96
244 245 44
245 246 38
246 247 89
247 248 36
248 249 82
249 250 22
250 251 12
251 252 51
252 253 17
252 340 53
253 254 91
254 255 2
255 256 70
256 257 87
257 258 75
258 259 99
259 260 55
260 261 65
261 262 10
262 263 71
263 264 70
264 265 34
265 266 13
266 267 79
266 328 35
267 268 83
268 269 26
269 270 85
270 271 46
271 272 94
272 273 66
273 274 98
273 296 17
274 275 58
275 276 22
276 277 4
277 278 72
278 279 60
279 280 40
280 281 84
281 282 25
282 283 5
283 284 45
284 285 90
285 286 97
286 148 79
286 287 72
287 288 75
288 289 16
289 290 94
290 291 20
291 292 7
292 293 44
293 294 9
294 295 40
295 296 87
296 297 72
297 298 14
298 299 5
299 300 2
300 301 8
301 302 91
302 303 61
303 304 8
304 305 61
305 306 47
305 314 42
306 307 82
307 308 17
308 309 68
309 310 83
309 336 94
310 311 19
311 312 31
312 313 83
313 314 77
314 315 83
315 316 18
316 317 55
317 318 41
318 319 17
319 320 53
320 321 43
321 322 25
322 323 3
323 324 32
324 325 30
325 326 16
326 327 92
327 328 44
328 329 87
329 330 38
330 331 53
331 332 48
332 333 76
333 334 42
333 411 29
334 335 23
335 336 22
336 337 43
337 338 10
338 339 64
339 340 39
340 341 49
341 342 3
342 343 23
343 344 40
344 237 65
344 483 14
345 346 29
345 362 95
346 347 76
347 348 54
347 436 52
348 349 12
349 350 12
350 351 7
351 352 31
352 353 17
353 354 5
354 355 71
355 356 78
356 357 6
356 365 28
357 358 27
358 359 98
359 360 31
360 361 53
361 362 72
362 363 33
363 364 82
364 365 98
365 366 44
366 367 7
367 368 49
368 369 50
369 370 79
370 371 49
371 345 42
372 373 78
372 374 90
372 378 71
373 374 88
373 375 29
374 375 22
375 376 91
375 381 20
376 377 30
377 378 12
377 668 35
378 379 11
378 381 9
379 380 81
380 381 89
381 372 92
382 383 31
382 387 60
383 384 43
383 388 22
384 385 66
384 386 17
384 390 86
385 386 45
385 389 10
386 387 54
387 388 60
388 389 33
389 390 59
390 382 48
391 392 35
392 393 16
392 395 85
393 394 75
394 395 36
394 396 57
395 396 37
395 400 48
395 411 61
396 397 33
396 412 10
397 398 68
398 399 44
398 412 10
399 400 40
400 401 26
400 410 22
400 414 92
401 402 77
401 403 60
402 403 7
402 412 56
402 413 8
403 404 31
404 405 60
405 406 7
406 407 7
407 408 51
407 410 82
408 409 63
409 410 78
410 411 49
411 412 69
412 413 96
413 414 50
414 415 91
415 190 80
415 391 58
416 417 77
416 419 87
416 425 3
416 426 6
416 433 48
417 418 22
417 421 2
417 423 24
417 424 61
417 425 31
417 428 79
417 430 83
417 432 5
417 433 80
417 435 34
417 438 11
417 439 9
418 419 13
418 426 1
418 434 87
418 435 66
418 437 64
418 438 11
419 420 77
419 424 53
419 429 27
419 432 62
419 433 32
419 436 11
419 439 7
420 421 12
420 423 33
420 432 19
420 433 86
420 436 35
420 437 87
420 439 90
421 422 95
421 428 25
421 430 4
421 433 84
421 434 59
421 436 60
421 440 35
422 423 59
422 432 45
422 440 5
423 424 76
423 428 64
423 431 34
423 432 19
423 439 3
424 425 86
424 427 1
424 428 55
424 432 97
424 433 81
424 435 60
424 437 96
425 426 62
425 428 41
425 430 94
425 431 38
425 439 28
426 427 39
426 432 99
426 433 13
426 439 89
427 428 100
427 430 8
428 429 75
428 432 55
428 434 58
428 440 8
429 430 53
429 437 21
430 431 87
430 435 37
430 439 68
431 432 86
431 437 70
431 438 45
431 440 28
432 433 16
432 434 29
432 439 2
433 411 89
433 434 44
433 436 16
433 439 23
433 440 31
434 435 88
435 436 58
435 437 21
436 437 63
436 438 86
437 438 77
438 439 78
439 440 44
440 416 77
441 442 28
441 453 19
442 443 33
442 469 92
442 476 2
443 444 58
444 445 27
445 446 57
445 484 68
445 485 87
446 447 4
446 448 75
446 467 25
447 448 15
448 449 22
448 476 50
449 450 47
449 464 66
450 451 92
450 483 7
451 452 51
452 453 49
453 454 51
453 473 93
454 455 93
454 471 88
454 478 9
455 456 58
456 457 92
457 458 46
458 459 77
458 466 60
459 460 38
459 467 73
460 461 90
461 462 27
462 463 57
462 466 62
463 464 90
463 469 16
463 478 84
464 465 59
464 480 1
465 466 66
466 467 59
466 485 11
467 468 19
468 469 4
469 470 78
470 471 87
470 473 8
471 472 7
472 473 76
473 474 14
474 475 33
475 227 78
475 476 32
476 477 81
477 478 92
478 479 10
479 480 38
480 481 64
480 484 95
481 482 42
482 483 64
483 484 25
484 485 26
485 441 47
486 487 35
486 500 44
486 507 83
487 488 55
487 493 91
488 489 89
488 505 77
488 509 64
489 490 77
489 497 65
489 498 95
489 510 85
490 491 11
491 492 58
491 506 25
492 493 31
493 494 33
494 495 73
494 500 78
494 502 66
495 496 41
496 497 26
496 508 12
497 354 80
497 498 21
498 499 44
499 500 66
499 512 41
500 501 89
501 502 46
501 511 9
502 503 68
502 508 42
503 504 48
504 505 94
505 506 82
505 507 52
505 512 4
506 507 34
507 508 70
508 509 23
508 512 64
509 510 41
510 511 35
511 512 75
512 513 56
513 486 84
514 515 62
514 520 14
514 522 35
515 516 96
515 518 19
515 520 26
515 523 62
515 524 20
516 517 43
516 521 18
516 523 79
517 518 88
517 521 7
517 525 27
518 390 92
518 519 100
518 522 35
518 524 2
519 520 23
519 521 68
519 526 85
520 521 16
521 522 96
522 57 63
522 523 10
522 525 81
523 524 54
524 525 22
524 526 31
525 526 6
526 514 24
527 528 2
528 529 76
529 530 90
530 531 24
531 532 25
532 533 99
533 534 25
534 535 77
535 536 71
536 537 76
536 555 18
536 569 62
537 538 13
538 539 10
539 540 16
540 541 88
540 561 93
541 542 92
542 543 6
543 544 14
544 545 93
545 546 98
546 547 95
547 548 62
548 549 73
549 550 11
550 551 49
551 552 33
552 553 24
553 554 76
554 555 56
555 556 87
555 567 1
556 557 6
557 558 83
558 559 81
559 560 27
560 561 77
561 562 15
562 563 87
563 564 42
563 578 63
564 565 64
565 566 90
566 567 94
567 568 97
568 569 83
569 570 67
570 571 44
571 572 30
572 573 60
573 574 5
574 575 46
575 576 80
576 577 5
577 578 45
578 579 38
579 580 2
580 581 27
581 582 32
582 583 21
583 584 38
584 585 24
585 586 74
586 587 33
587 588 61
588 45 58
588 589 90
589 590 19
590 591 30
591 527 5
592 593 44
593 594 95
594 595 22
595 596 17
596 597 59
597 598 80
598 599 25
599 600 80
600 601 23
601 602 34
602 603 92
603 604 94
604 605 26
605 606 41
606 607 74
607 608 34
608 609 3
609 610 91
610 611 14
611 562 93
611 612 96
612 613 80
613 614 64
614 615 58
615 616 75
616 617 7
617 618 50
618 619 47
619 620 4
619 658 46
620 621 90
621 622 39
622 623 35
623 599 57
623 624 21
624 625 34
625 626 75
626 627 11
627 628 89
627 629 43
628 629 71
628 725 13
629 630 81
630 631 15
631 632 5
632 633 61
633 634 24
634 635 89
635 636 38
636 637 12
637 638 9
638 639 41
639 640 20
640 641 16
641 642 58
642 643 4
643 644 35
644 645 1
645 646 89
646 647 60
647 648 11
648 649 98
649 650 5
650 651 81
651 652 59
652 653 28
653 654 5
654 655 48
655 656 73
656 657 29
657 658 27
658 659 7
659 660 87
660 661 60
661 662 55
662 663 6
663 664 58
664 592 9
665 666 64
665 667 86
665 668 40
666 667 87
666 670 30
666 673 43
667 668 22
667 670 75
667 673 26
668 669 25
668 670 31
669 670 24
669 673 71
670 671 4
671 672 40
672 382 93
672 673 60
673 665 29
674 675 30
674 698 30
675 676 62
675 687 77
675 694 30
676 677 76
676 694 37
677 678 14
677 680 54
677 689 16
678 679 3
679 680 92
680 681 13
681 682 64
681 693 6
682 383 54
682 683 40
683 684 40
683 696 41
684 506 76
684 685 55
685 686 80
686 687 43
687 688 15
688 689 26
688 690 5
688 695 44
689 690 8
690 691 42
690 695 98
690 701 93
691 692 95
692 693 88
693 694 84
694 695 68
694 698 55
695 696 16
696 697 62
697 698 30
698 699 1
699 700 4
700 701 75
701 674 67
702 703 93
703 704 23
703 742 60
704 705 83
705 706 52
706 707 60
706 723 19
707 708 69
707 741 60
708 709 93
709 710 72
710 711 24
710 716 13
710 763 80
711 712 52
712 713 27
713 714 93
714 715 36
714 756 99
715 716 27
716 717 36
716 747 82
717 718 69
718 719 83
719 720 90
720 721 31
721 722 17
722 723 78
723 724 19
724 725 57
724 732 73
725 726 99
726 727 76
727 728 78
728 729 1
729 730 52
730 731 22
731 732 42
732 733 35
733 734 8
733 763 25
734 735 1
735 736 82
736 737 10
737 738 9
738 739 85
739 740 46
740 741 83
741 742 8
742 743 33
742 759 81
743 744 46
744 745 8
745 746 38
746 747 90
747 748 32
748 749 4
749 750 91
750 751 11
751 752 7
752 753 18
753 754 19
754 755 81
755 756 68
756 565 2
756 757 19
757 758 30
758 759 95
759 760 21
760 761 49
761 762 10
762 763 32
763 764 47
764 765 27
765 766 65
766 767 78
767 768 89
768 702 41
